p cnf 650 7648
1 5 7 16 19 30 33 41 44 50 0
-1 51 0
-1 -52 0
-1 -53 0
-1 -54 0
-1 -55 0
-1 -56 0
-5 51 0
-5 -52 0
-5 53 0
-5 -54 0
-5 -55 0
-5 -56 0
-7 51 0
-7 52 0
-7 53 0
-7 -54 0
-7 -55 0
-7 -56 0
-16 -51 0
-16 -52 0
-16 -53 0
-16 -54 0
-16 55 0
-16 -56 0
-19 51 0
-19 52 0
-19 -53 0
-19 -54 0
-19 55 0
-19 -56 0
-30 -51 0
-30 52 0
-30 53 0
-30 54 0
-30 55 0
-30 -56 0
-33 51 0
-33 -52 0
-33 -53 0
-33 -54 0
-33 -55 0
-33 56 0
-41 51 0
-41 -52 0
-41 -53 0
-41 54 0
-41 -55 0
-41 56 0
-44 -51 0
-44 -52 0
-44 53 0
-44 54 0
-44 -55 0
-44 56 0
-50 -51 0
-50 52 0
-50 -53 0
-50 -54 0
-50 55 0
-50 56 0
3 4 13 16 17 22 24 33 44 47 49 50 0
-3 57 0
-3 58 0
-3 -59 0
-3 -60 0
-3 -61 0
-3 -62 0
-4 -57 0
-4 -58 0
-4 59 0
-4 -60 0
-4 -61 0
-4 -62 0
-13 57 0
-13 -58 0
-13 59 0
-13 60 0
-13 -61 0
-13 -62 0
-16 -57 0
-16 -58 0
-16 -59 0
-16 -60 0
-16 61 0
-16 -62 0
-17 57 0
-17 -58 0
-17 -59 0
-17 -60 0
-17 61 0
-17 -62 0
-22 -57 0
-22 58 0
-22 59 0
-22 -60 0
-22 61 0
-22 -62 0
-24 -57 0
-24 -58 0
-24 -59 0
-24 60 0
-24 61 0
-24 -62 0
-33 57 0
-33 -58 0
-33 -59 0
-33 -60 0
-33 -61 0
-33 62 0
-44 -57 0
-44 -58 0
-44 59 0
-44 60 0
-44 -61 0
-44 62 0
-47 57 0
-47 58 0
-47 59 0
-47 60 0
-47 -61 0
-47 62 0
-49 57 0
-49 -58 0
-49 -59 0
-49 -60 0
-49 61 0
-49 62 0
-50 -57 0
-50 58 0
-50 -59 0
-50 -60 0
-50 61 0
-50 62 0
3 7 11 12 16 19 22 24 27 35 36 44 47 49 50 0
-3 63 0
-3 64 0
-3 -65 0
-3 -66 0
-3 -67 0
-3 -68 0
-7 63 0
-7 64 0
-7 65 0
-7 -66 0
-7 -67 0
-7 -68 0
-11 63 0
-11 64 0
-11 -65 0
-11 66 0
-11 -67 0
-11 -68 0
-12 -63 0
-12 -64 0
-12 65 0
-12 66 0
-12 -67 0
-12 -68 0
-16 -63 0
-16 -64 0
-16 -65 0
-16 -66 0
-16 67 0
-16 -68 0
-19 63 0
-19 64 0
-19 -65 0
-19 -66 0
-19 67 0
-19 -68 0
-22 -63 0
-22 64 0
-22 65 0
-22 -66 0
-22 67 0
-22 -68 0
-24 -63 0
-24 -64 0
-24 -65 0
-24 66 0
-24 67 0
-24 -68 0
-27 63 0
-27 64 0
-27 -65 0
-27 66 0
-27 67 0
-27 -68 0
-35 63 0
-35 64 0
-35 -65 0
-35 -66 0
-35 -67 0
-35 68 0
-36 -63 0
-36 -64 0
-36 65 0
-36 -66 0
-36 -67 0
-36 68 0
-44 -63 0
-44 -64 0
-44 65 0
-44 66 0
-44 -67 0
-44 68 0
-47 63 0
-47 64 0
-47 65 0
-47 66 0
-47 -67 0
-47 68 0
-49 63 0
-49 -64 0
-49 -65 0
-49 -66 0
-49 67 0
-49 68 0
-50 -63 0
-50 64 0
-50 -65 0
-50 -66 0
-50 67 0
-50 68 0
1 4 5 19 21 24 33 35 36 40 44 0
-1 69 0
-1 -70 0
-1 -71 0
-1 -72 0
-1 -73 0
-1 -74 0
-4 -69 0
-4 -70 0
-4 71 0
-4 -72 0
-4 -73 0
-4 -74 0
-5 69 0
-5 -70 0
-5 71 0
-5 -72 0
-5 -73 0
-5 -74 0
-19 69 0
-19 70 0
-19 -71 0
-19 -72 0
-19 73 0
-19 -74 0
-21 69 0
-21 -70 0
-21 71 0
-21 -72 0
-21 73 0
-21 -74 0
-24 -69 0
-24 -70 0
-24 -71 0
-24 72 0
-24 73 0
-24 -74 0
-33 69 0
-33 -70 0
-33 -71 0
-33 -72 0
-33 -73 0
-33 74 0
-35 69 0
-35 70 0
-35 -71 0
-35 -72 0
-35 -73 0
-35 74 0
-36 -69 0
-36 -70 0
-36 71 0
-36 -72 0
-36 -73 0
-36 74 0
-40 -69 0
-40 -70 0
-40 -71 0
-40 72 0
-40 -73 0
-40 74 0
-44 -69 0
-44 -70 0
-44 71 0
-44 72 0
-44 -73 0
-44 74 0
1 3 4 5 11 16 17 19 22 27 30 31 33 45 50 0
-1 75 0
-1 -76 0
-1 -77 0
-1 -78 0
-1 -79 0
-1 -80 0
-3 75 0
-3 76 0
-3 -77 0
-3 -78 0
-3 -79 0
-3 -80 0
-4 -75 0
-4 -76 0
-4 77 0
-4 -78 0
-4 -79 0
-4 -80 0
-5 75 0
-5 -76 0
-5 77 0
-5 -78 0
-5 -79 0
-5 -80 0
-11 75 0
-11 76 0
-11 -77 0
-11 78 0
-11 -79 0
-11 -80 0
-16 -75 0
-16 -76 0
-16 -77 0
-16 -78 0
-16 79 0
-16 -80 0
-17 75 0
-17 -76 0
-17 -77 0
-17 -78 0
-17 79 0
-17 -80 0
-19 75 0
-19 76 0
-19 -77 0
-19 -78 0
-19 79 0
-19 -80 0
-22 -75 0
-22 76 0
-22 77 0
-22 -78 0
-22 79 0
-22 -80 0
-27 75 0
-27 76 0
-27 -77 0
-27 78 0
-27 79 0
-27 -80 0
-30 -75 0
-30 76 0
-30 77 0
-30 78 0
-30 79 0
-30 -80 0
-31 75 0
-31 76 0
-31 77 0
-31 78 0
-31 79 0
-31 -80 0
-33 75 0
-33 -76 0
-33 -77 0
-33 -78 0
-33 -79 0
-33 80 0
-45 75 0
-45 -76 0
-45 77 0
-45 78 0
-45 -79 0
-45 80 0
-50 -75 0
-50 76 0
-50 -77 0
-50 -78 0
-50 79 0
-50 80 0
1 3 5 16 23 24 29 35 41 42 44 49 0
-1 81 0
-1 -82 0
-1 -83 0
-1 -84 0
-1 -85 0
-1 -86 0
-3 81 0
-3 82 0
-3 -83 0
-3 -84 0
-3 -85 0
-3 -86 0
-5 81 0
-5 -82 0
-5 83 0
-5 -84 0
-5 -85 0
-5 -86 0
-16 -81 0
-16 -82 0
-16 -83 0
-16 -84 0
-16 85 0
-16 -86 0
-23 81 0
-23 82 0
-23 83 0
-23 -84 0
-23 85 0
-23 -86 0
-24 -81 0
-24 -82 0
-24 -83 0
-24 84 0
-24 85 0
-24 -86 0
-29 81 0
-29 -82 0
-29 83 0
-29 84 0
-29 85 0
-29 -86 0
-35 81 0
-35 82 0
-35 -83 0
-35 -84 0
-35 -85 0
-35 86 0
-41 81 0
-41 -82 0
-41 -83 0
-41 84 0
-41 -85 0
-41 86 0
-42 -81 0
-42 82 0
-42 -83 0
-42 84 0
-42 -85 0
-42 86 0
-44 -81 0
-44 -82 0
-44 83 0
-44 84 0
-44 -85 0
-44 86 0
-49 81 0
-49 -82 0
-49 -83 0
-49 -84 0
-49 85 0
-49 86 0
1 3 4 5 9 16 19 22 24 27 28 32 35 45 49 0
-1 87 0
-1 -88 0
-1 -89 0
-1 -90 0
-1 -91 0
-1 -92 0
-3 87 0
-3 88 0
-3 -89 0
-3 -90 0
-3 -91 0
-3 -92 0
-4 -87 0
-4 -88 0
-4 89 0
-4 -90 0
-4 -91 0
-4 -92 0
-5 87 0
-5 -88 0
-5 89 0
-5 -90 0
-5 -91 0
-5 -92 0
-9 87 0
-9 -88 0
-9 -89 0
-9 90 0
-9 -91 0
-9 -92 0
-16 -87 0
-16 -88 0
-16 -89 0
-16 -90 0
-16 91 0
-16 -92 0
-19 87 0
-19 88 0
-19 -89 0
-19 -90 0
-19 91 0
-19 -92 0
-22 -87 0
-22 88 0
-22 89 0
-22 -90 0
-22 91 0
-22 -92 0
-24 -87 0
-24 -88 0
-24 -89 0
-24 90 0
-24 91 0
-24 -92 0
-27 87 0
-27 88 0
-27 -89 0
-27 90 0
-27 91 0
-27 -92 0
-28 -87 0
-28 -88 0
-28 89 0
-28 90 0
-28 91 0
-28 -92 0
-32 -87 0
-32 -88 0
-32 -89 0
-32 -90 0
-32 -91 0
-32 92 0
-35 87 0
-35 88 0
-35 -89 0
-35 -90 0
-35 -91 0
-35 92 0
-45 87 0
-45 -88 0
-45 89 0
-45 90 0
-45 -91 0
-45 92 0
-49 87 0
-49 -88 0
-49 -89 0
-49 -90 0
-49 91 0
-49 92 0
2 5 7 16 17 24 31 32 35 40 42 50 0
-2 -93 0
-2 94 0
-2 -95 0
-2 -96 0
-2 -97 0
-2 -98 0
-5 93 0
-5 -94 0
-5 95 0
-5 -96 0
-5 -97 0
-5 -98 0
-7 93 0
-7 94 0
-7 95 0
-7 -96 0
-7 -97 0
-7 -98 0
-16 -93 0
-16 -94 0
-16 -95 0
-16 -96 0
-16 97 0
-16 -98 0
-17 93 0
-17 -94 0
-17 -95 0
-17 -96 0
-17 97 0
-17 -98 0
-24 -93 0
-24 -94 0
-24 -95 0
-24 96 0
-24 97 0
-24 -98 0
-31 93 0
-31 94 0
-31 95 0
-31 96 0
-31 97 0
-31 -98 0
-32 -93 0
-32 -94 0
-32 -95 0
-32 -96 0
-32 -97 0
-32 98 0
-35 93 0
-35 94 0
-35 -95 0
-35 -96 0
-35 -97 0
-35 98 0
-40 -93 0
-40 -94 0
-40 -95 0
-40 96 0
-40 -97 0
-40 98 0
-42 -93 0
-42 94 0
-42 -95 0
-42 96 0
-42 -97 0
-42 98 0
-50 -93 0
-50 94 0
-50 -95 0
-50 -96 0
-50 97 0
-50 98 0
3 4 7 16 19 24 30 32 33 45 47 49 50 0
-3 99 0
-3 100 0
-3 -101 0
-3 -102 0
-3 -103 0
-3 -104 0
-4 -99 0
-4 -100 0
-4 101 0
-4 -102 0
-4 -103 0
-4 -104 0
-7 99 0
-7 100 0
-7 101 0
-7 -102 0
-7 -103 0
-7 -104 0
-16 -99 0
-16 -100 0
-16 -101 0
-16 -102 0
-16 103 0
-16 -104 0
-19 99 0
-19 100 0
-19 -101 0
-19 -102 0
-19 103 0
-19 -104 0
-24 -99 0
-24 -100 0
-24 -101 0
-24 102 0
-24 103 0
-24 -104 0
-30 -99 0
-30 100 0
-30 101 0
-30 102 0
-30 103 0
-30 -104 0
-32 -99 0
-32 -100 0
-32 -101 0
-32 -102 0
-32 -103 0
-32 104 0
-33 99 0
-33 -100 0
-33 -101 0
-33 -102 0
-33 -103 0
-33 104 0
-45 99 0
-45 -100 0
-45 101 0
-45 102 0
-45 -103 0
-45 104 0
-47 99 0
-47 100 0
-47 101 0
-47 102 0
-47 -103 0
-47 104 0
-49 99 0
-49 -100 0
-49 -101 0
-49 -102 0
-49 103 0
-49 104 0
-50 -99 0
-50 100 0
-50 -101 0
-50 -102 0
-50 103 0
-50 104 0
4 5 7 16 19 22 24 29 31 33 42 44 49 50 0
-4 -105 0
-4 -106 0
-4 107 0
-4 -108 0
-4 -109 0
-4 -110 0
-5 105 0
-5 -106 0
-5 107 0
-5 -108 0
-5 -109 0
-5 -110 0
-7 105 0
-7 106 0
-7 107 0
-7 -108 0
-7 -109 0
-7 -110 0
-16 -105 0
-16 -106 0
-16 -107 0
-16 -108 0
-16 109 0
-16 -110 0
-19 105 0
-19 106 0
-19 -107 0
-19 -108 0
-19 109 0
-19 -110 0
-22 -105 0
-22 106 0
-22 107 0
-22 -108 0
-22 109 0
-22 -110 0
-24 -105 0
-24 -106 0
-24 -107 0
-24 108 0
-24 109 0
-24 -110 0
-29 105 0
-29 -106 0
-29 107 0
-29 108 0
-29 109 0
-29 -110 0
-31 105 0
-31 106 0
-31 107 0
-31 108 0
-31 109 0
-31 -110 0
-33 105 0
-33 -106 0
-33 -107 0
-33 -108 0
-33 -109 0
-33 110 0
-42 -105 0
-42 106 0
-42 -107 0
-42 108 0
-42 -109 0
-42 110 0
-44 -105 0
-44 -106 0
-44 107 0
-44 108 0
-44 -109 0
-44 110 0
-49 105 0
-49 -106 0
-49 -107 0
-49 -108 0
-49 109 0
-49 110 0
-50 -105 0
-50 106 0
-50 -107 0
-50 -108 0
-50 109 0
-50 110 0
1 3 4 14 15 16 19 31 32 36 42 44 45 0
-1 111 0
-1 -112 0
-1 -113 0
-1 -114 0
-1 -115 0
-1 -116 0
-3 111 0
-3 112 0
-3 -113 0
-3 -114 0
-3 -115 0
-3 -116 0
-4 -111 0
-4 -112 0
-4 113 0
-4 -114 0
-4 -115 0
-4 -116 0
-14 -111 0
-14 112 0
-14 113 0
-14 114 0
-14 -115 0
-14 -116 0
-15 111 0
-15 112 0
-15 113 0
-15 114 0
-15 -115 0
-15 -116 0
-16 -111 0
-16 -112 0
-16 -113 0
-16 -114 0
-16 115 0
-16 -116 0
-19 111 0
-19 112 0
-19 -113 0
-19 -114 0
-19 115 0
-19 -116 0
-31 111 0
-31 112 0
-31 113 0
-31 114 0
-31 115 0
-31 -116 0
-32 -111 0
-32 -112 0
-32 -113 0
-32 -114 0
-32 -115 0
-32 116 0
-36 -111 0
-36 -112 0
-36 113 0
-36 -114 0
-36 -115 0
-36 116 0
-42 -111 0
-42 112 0
-42 -113 0
-42 114 0
-42 -115 0
-42 116 0
-44 -111 0
-44 -112 0
-44 113 0
-44 114 0
-44 -115 0
-44 116 0
-45 111 0
-45 -112 0
-45 113 0
-45 114 0
-45 -115 0
-45 116 0
3 5 16 18 22 23 24 31 32 33 35 42 47 48 49 0
-3 117 0
-3 118 0
-3 -119 0
-3 -120 0
-3 -121 0
-3 -122 0
-5 117 0
-5 -118 0
-5 119 0
-5 -120 0
-5 -121 0
-5 -122 0
-16 -117 0
-16 -118 0
-16 -119 0
-16 -120 0
-16 121 0
-16 -122 0
-18 -117 0
-18 118 0
-18 -119 0
-18 -120 0
-18 121 0
-18 -122 0
-22 -117 0
-22 118 0
-22 119 0
-22 -120 0
-22 121 0
-22 -122 0
-23 117 0
-23 118 0
-23 119 0
-23 -120 0
-23 121 0
-23 -122 0
-24 -117 0
-24 -118 0
-24 -119 0
-24 120 0
-24 121 0
-24 -122 0
-31 117 0
-31 118 0
-31 119 0
-31 120 0
-31 121 0
-31 -122 0
-32 -117 0
-32 -118 0
-32 -119 0
-32 -120 0
-32 -121 0
-32 122 0
-33 117 0
-33 -118 0
-33 -119 0
-33 -120 0
-33 -121 0
-33 122 0
-35 117 0
-35 118 0
-35 -119 0
-35 -120 0
-35 -121 0
-35 122 0
-42 -117 0
-42 118 0
-42 -119 0
-42 120 0
-42 -121 0
-42 122 0
-47 117 0
-47 118 0
-47 119 0
-47 120 0
-47 -121 0
-47 122 0
-48 -117 0
-48 -118 0
-48 -119 0
-48 -120 0
-48 121 0
-48 122 0
-49 117 0
-49 -118 0
-49 -119 0
-49 -120 0
-49 121 0
-49 122 0
2 4 5 11 16 17 22 27 31 33 47 50 0
-2 -123 0
-2 124 0
-2 -125 0
-2 -126 0
-2 -127 0
-2 -128 0
-4 -123 0
-4 -124 0
-4 125 0
-4 -126 0
-4 -127 0
-4 -128 0
-5 123 0
-5 -124 0
-5 125 0
-5 -126 0
-5 -127 0
-5 -128 0
-11 123 0
-11 124 0
-11 -125 0
-11 126 0
-11 -127 0
-11 -128 0
-16 -123 0
-16 -124 0
-16 -125 0
-16 -126 0
-16 127 0
-16 -128 0
-17 123 0
-17 -124 0
-17 -125 0
-17 -126 0
-17 127 0
-17 -128 0
-22 -123 0
-22 124 0
-22 125 0
-22 -126 0
-22 127 0
-22 -128 0
-27 123 0
-27 124 0
-27 -125 0
-27 126 0
-27 127 0
-27 -128 0
-31 123 0
-31 124 0
-31 125 0
-31 126 0
-31 127 0
-31 -128 0
-33 123 0
-33 -124 0
-33 -125 0
-33 -126 0
-33 -127 0
-33 128 0
-47 123 0
-47 124 0
-47 125 0
-47 126 0
-47 -127 0
-47 128 0
-50 -123 0
-50 124 0
-50 -125 0
-50 -126 0
-50 127 0
-50 128 0
2 5 10 16 19 23 24 31 42 47 49 0
-2 -129 0
-2 130 0
-2 -131 0
-2 -132 0
-2 -133 0
-2 -134 0
-5 129 0
-5 -130 0
-5 131 0
-5 -132 0
-5 -133 0
-5 -134 0
-10 -129 0
-10 130 0
-10 -131 0
-10 132 0
-10 -133 0
-10 -134 0
-16 -129 0
-16 -130 0
-16 -131 0
-16 -132 0
-16 133 0
-16 -134 0
-19 129 0
-19 130 0
-19 -131 0
-19 -132 0
-19 133 0
-19 -134 0
-23 129 0
-23 130 0
-23 131 0
-23 -132 0
-23 133 0
-23 -134 0
-24 -129 0
-24 -130 0
-24 -131 0
-24 132 0
-24 133 0
-24 -134 0
-31 129 0
-31 130 0
-31 131 0
-31 132 0
-31 133 0
-31 -134 0
-42 -129 0
-42 130 0
-42 -131 0
-42 132 0
-42 -133 0
-42 134 0
-47 129 0
-47 130 0
-47 131 0
-47 132 0
-47 -133 0
-47 134 0
-49 129 0
-49 -130 0
-49 -131 0
-49 -132 0
-49 133 0
-49 134 0
1 5 16 17 25 27 28 31 33 35 41 47 0
-1 135 0
-1 -136 0
-1 -137 0
-1 -138 0
-1 -139 0
-1 -140 0
-5 135 0
-5 -136 0
-5 137 0
-5 -138 0
-5 -139 0
-5 -140 0
-16 -135 0
-16 -136 0
-16 -137 0
-16 -138 0
-16 139 0
-16 -140 0
-17 135 0
-17 -136 0
-17 -137 0
-17 -138 0
-17 139 0
-17 -140 0
-25 135 0
-25 -136 0
-25 -137 0
-25 138 0
-25 139 0
-25 -140 0
-27 135 0
-27 136 0
-27 -137 0
-27 138 0
-27 139 0
-27 -140 0
-28 -135 0
-28 -136 0
-28 137 0
-28 138 0
-28 139 0
-28 -140 0
-31 135 0
-31 136 0
-31 137 0
-31 138 0
-31 139 0
-31 -140 0
-33 135 0
-33 -136 0
-33 -137 0
-33 -138 0
-33 -139 0
-33 140 0
-35 135 0
-35 136 0
-35 -137 0
-35 -138 0
-35 -139 0
-35 140 0
-41 135 0
-41 -136 0
-41 -137 0
-41 138 0
-41 -139 0
-41 140 0
-47 135 0
-47 136 0
-47 137 0
-47 138 0
-47 -139 0
-47 140 0
1 3 4 5 10 11 16 21 24 31 32 35 36 37 41 44 47 49 0
-1 141 0
-1 -142 0
-1 -143 0
-1 -144 0
-1 -145 0
-1 -146 0
-3 141 0
-3 142 0
-3 -143 0
-3 -144 0
-3 -145 0
-3 -146 0
-4 -141 0
-4 -142 0
-4 143 0
-4 -144 0
-4 -145 0
-4 -146 0
-5 141 0
-5 -142 0
-5 143 0
-5 -144 0
-5 -145 0
-5 -146 0
-10 -141 0
-10 142 0
-10 -143 0
-10 144 0
-10 -145 0
-10 -146 0
-11 141 0
-11 142 0
-11 -143 0
-11 144 0
-11 -145 0
-11 -146 0
-16 -141 0
-16 -142 0
-16 -143 0
-16 -144 0
-16 145 0
-16 -146 0
-21 141 0
-21 -142 0
-21 143 0
-21 -144 0
-21 145 0
-21 -146 0
-24 -141 0
-24 -142 0
-24 -143 0
-24 144 0
-24 145 0
-24 -146 0
-31 141 0
-31 142 0
-31 143 0
-31 144 0
-31 145 0
-31 -146 0
-32 -141 0
-32 -142 0
-32 -143 0
-32 -144 0
-32 -145 0
-32 146 0
-35 141 0
-35 142 0
-35 -143 0
-35 -144 0
-35 -145 0
-35 146 0
-36 -141 0
-36 -142 0
-36 143 0
-36 -144 0
-36 -145 0
-36 146 0
-37 141 0
-37 -142 0
-37 143 0
-37 -144 0
-37 -145 0
-37 146 0
-41 141 0
-41 -142 0
-41 -143 0
-41 144 0
-41 -145 0
-41 146 0
-44 -141 0
-44 -142 0
-44 143 0
-44 144 0
-44 -145 0
-44 146 0
-47 141 0
-47 142 0
-47 143 0
-47 144 0
-47 -145 0
-47 146 0
-49 141 0
-49 -142 0
-49 -143 0
-49 -144 0
-49 145 0
-49 146 0
3 7 16 17 19 21 23 24 31 32 33 36 42 44 47 49 0
-3 147 0
-3 148 0
-3 -149 0
-3 -150 0
-3 -151 0
-3 -152 0
-7 147 0
-7 148 0
-7 149 0
-7 -150 0
-7 -151 0
-7 -152 0
-16 -147 0
-16 -148 0
-16 -149 0
-16 -150 0
-16 151 0
-16 -152 0
-17 147 0
-17 -148 0
-17 -149 0
-17 -150 0
-17 151 0
-17 -152 0
-19 147 0
-19 148 0
-19 -149 0
-19 -150 0
-19 151 0
-19 -152 0
-21 147 0
-21 -148 0
-21 149 0
-21 -150 0
-21 151 0
-21 -152 0
-23 147 0
-23 148 0
-23 149 0
-23 -150 0
-23 151 0
-23 -152 0
-24 -147 0
-24 -148 0
-24 -149 0
-24 150 0
-24 151 0
-24 -152 0
-31 147 0
-31 148 0
-31 149 0
-31 150 0
-31 151 0
-31 -152 0
-32 -147 0
-32 -148 0
-32 -149 0
-32 -150 0
-32 -151 0
-32 152 0
-33 147 0
-33 -148 0
-33 -149 0
-33 -150 0
-33 -151 0
-33 152 0
-36 -147 0
-36 -148 0
-36 149 0
-36 -150 0
-36 -151 0
-36 152 0
-42 -147 0
-42 148 0
-42 -149 0
-42 150 0
-42 -151 0
-42 152 0
-44 -147 0
-44 -148 0
-44 149 0
-44 150 0
-44 -151 0
-44 152 0
-47 147 0
-47 148 0
-47 149 0
-47 150 0
-47 -151 0
-47 152 0
-49 147 0
-49 -148 0
-49 -149 0
-49 -150 0
-49 151 0
-49 152 0
3 9 16 31 33 36 41 50 0
-3 153 0
-3 154 0
-3 -155 0
-3 -156 0
-3 -157 0
-3 -158 0
-9 153 0
-9 -154 0
-9 -155 0
-9 156 0
-9 -157 0
-9 -158 0
-16 -153 0
-16 -154 0
-16 -155 0
-16 -156 0
-16 157 0
-16 -158 0
-31 153 0
-31 154 0
-31 155 0
-31 156 0
-31 157 0
-31 -158 0
-33 153 0
-33 -154 0
-33 -155 0
-33 -156 0
-33 -157 0
-33 158 0
-36 -153 0
-36 -154 0
-36 155 0
-36 -156 0
-36 -157 0
-36 158 0
-41 153 0
-41 -154 0
-41 -155 0
-41 156 0
-41 -157 0
-41 158 0
-50 -153 0
-50 154 0
-50 -155 0
-50 -156 0
-50 157 0
-50 158 0
1 5 16 19 28 30 31 33 35 42 45 49 0
-1 159 0
-1 -160 0
-1 -161 0
-1 -162 0
-1 -163 0
-1 -164 0
-5 159 0
-5 -160 0
-5 161 0
-5 -162 0
-5 -163 0
-5 -164 0
-16 -159 0
-16 -160 0
-16 -161 0
-16 -162 0
-16 163 0
-16 -164 0
-19 159 0
-19 160 0
-19 -161 0
-19 -162 0
-19 163 0
-19 -164 0
-28 -159 0
-28 -160 0
-28 161 0
-28 162 0
-28 163 0
-28 -164 0
-30 -159 0
-30 160 0
-30 161 0
-30 162 0
-30 163 0
-30 -164 0
-31 159 0
-31 160 0
-31 161 0
-31 162 0
-31 163 0
-31 -164 0
-33 159 0
-33 -160 0
-33 -161 0
-33 -162 0
-33 -163 0
-33 164 0
-35 159 0
-35 160 0
-35 -161 0
-35 -162 0
-35 -163 0
-35 164 0
-42 -159 0
-42 160 0
-42 -161 0
-42 162 0
-42 -163 0
-42 164 0
-45 159 0
-45 -160 0
-45 161 0
-45 162 0
-45 -163 0
-45 164 0
-49 159 0
-49 -160 0
-49 -161 0
-49 -162 0
-49 163 0
-49 164 0
1 10 18 19 31 32 33 38 42 49 0
-1 165 0
-1 -166 0
-1 -167 0
-1 -168 0
-1 -169 0
-1 -170 0
-10 -165 0
-10 166 0
-10 -167 0
-10 168 0
-10 -169 0
-10 -170 0
-18 -165 0
-18 166 0
-18 -167 0
-18 -168 0
-18 169 0
-18 -170 0
-19 165 0
-19 166 0
-19 -167 0
-19 -168 0
-19 169 0
-19 -170 0
-31 165 0
-31 166 0
-31 167 0
-31 168 0
-31 169 0
-31 -170 0
-32 -165 0
-32 -166 0
-32 -167 0
-32 -168 0
-32 -169 0
-32 170 0
-33 165 0
-33 -166 0
-33 -167 0
-33 -168 0
-33 -169 0
-33 170 0
-38 -165 0
-38 166 0
-38 167 0
-38 -168 0
-38 -169 0
-38 170 0
-42 -165 0
-42 166 0
-42 -167 0
-42 168 0
-42 -169 0
-42 170 0
-49 165 0
-49 -166 0
-49 -167 0
-49 -168 0
-49 169 0
-49 170 0
9 10 11 16 17 19 22 27 33 35 42 49 50 0
-9 171 0
-9 -172 0
-9 -173 0
-9 174 0
-9 -175 0
-9 -176 0
-10 -171 0
-10 172 0
-10 -173 0
-10 174 0
-10 -175 0
-10 -176 0
-11 171 0
-11 172 0
-11 -173 0
-11 174 0
-11 -175 0
-11 -176 0
-16 -171 0
-16 -172 0
-16 -173 0
-16 -174 0
-16 175 0
-16 -176 0
-17 171 0
-17 -172 0
-17 -173 0
-17 -174 0
-17 175 0
-17 -176 0
-19 171 0
-19 172 0
-19 -173 0
-19 -174 0
-19 175 0
-19 -176 0
-22 -171 0
-22 172 0
-22 173 0
-22 -174 0
-22 175 0
-22 -176 0
-27 171 0
-27 172 0
-27 -173 0
-27 174 0
-27 175 0
-27 -176 0
-33 171 0
-33 -172 0
-33 -173 0
-33 -174 0
-33 -175 0
-33 176 0
-35 171 0
-35 172 0
-35 -173 0
-35 -174 0
-35 -175 0
-35 176 0
-42 -171 0
-42 172 0
-42 -173 0
-42 174 0
-42 -175 0
-42 176 0
-49 171 0
-49 -172 0
-49 -173 0
-49 -174 0
-49 175 0
-49 176 0
-50 -171 0
-50 172 0
-50 -173 0
-50 -174 0
-50 175 0
-50 176 0
1 7 16 19 22 23 24 30 31 33 35 42 47 49 0
-1 177 0
-1 -178 0
-1 -179 0
-1 -180 0
-1 -181 0
-1 -182 0
-7 177 0
-7 178 0
-7 179 0
-7 -180 0
-7 -181 0
-7 -182 0
-16 -177 0
-16 -178 0
-16 -179 0
-16 -180 0
-16 181 0
-16 -182 0
-19 177 0
-19 178 0
-19 -179 0
-19 -180 0
-19 181 0
-19 -182 0
-22 -177 0
-22 178 0
-22 179 0
-22 -180 0
-22 181 0
-22 -182 0
-23 177 0
-23 178 0
-23 179 0
-23 -180 0
-23 181 0
-23 -182 0
-24 -177 0
-24 -178 0
-24 -179 0
-24 180 0
-24 181 0
-24 -182 0
-30 -177 0
-30 178 0
-30 179 0
-30 180 0
-30 181 0
-30 -182 0
-31 177 0
-31 178 0
-31 179 0
-31 180 0
-31 181 0
-31 -182 0
-33 177 0
-33 -178 0
-33 -179 0
-33 -180 0
-33 -181 0
-33 182 0
-35 177 0
-35 178 0
-35 -179 0
-35 -180 0
-35 -181 0
-35 182 0
-42 -177 0
-42 178 0
-42 -179 0
-42 180 0
-42 -181 0
-42 182 0
-47 177 0
-47 178 0
-47 179 0
-47 180 0
-47 -181 0
-47 182 0
-49 177 0
-49 -178 0
-49 -179 0
-49 -180 0
-49 181 0
-49 182 0
2 5 16 17 19 22 24 27 31 36 37 42 45 0
-2 -183 0
-2 184 0
-2 -185 0
-2 -186 0
-2 -187 0
-2 -188 0
-5 183 0
-5 -184 0
-5 185 0
-5 -186 0
-5 -187 0
-5 -188 0
-16 -183 0
-16 -184 0
-16 -185 0
-16 -186 0
-16 187 0
-16 -188 0
-17 183 0
-17 -184 0
-17 -185 0
-17 -186 0
-17 187 0
-17 -188 0
-19 183 0
-19 184 0
-19 -185 0
-19 -186 0
-19 187 0
-19 -188 0
-22 -183 0
-22 184 0
-22 185 0
-22 -186 0
-22 187 0
-22 -188 0
-24 -183 0
-24 -184 0
-24 -185 0
-24 186 0
-24 187 0
-24 -188 0
-27 183 0
-27 184 0
-27 -185 0
-27 186 0
-27 187 0
-27 -188 0
-31 183 0
-31 184 0
-31 185 0
-31 186 0
-31 187 0
-31 -188 0
-36 -183 0
-36 -184 0
-36 185 0
-36 -186 0
-36 -187 0
-36 188 0
-37 183 0
-37 -184 0
-37 185 0
-37 -186 0
-37 -187 0
-37 188 0
-42 -183 0
-42 184 0
-42 -185 0
-42 186 0
-42 -187 0
-42 188 0
-45 183 0
-45 -184 0
-45 185 0
-45 186 0
-45 -187 0
-45 188 0
1 4 5 7 11 16 22 24 25 27 28 37 42 44 45 47 0
-1 189 0
-1 -190 0
-1 -191 0
-1 -192 0
-1 -193 0
-1 -194 0
-4 -189 0
-4 -190 0
-4 191 0
-4 -192 0
-4 -193 0
-4 -194 0
-5 189 0
-5 -190 0
-5 191 0
-5 -192 0
-5 -193 0
-5 -194 0
-7 189 0
-7 190 0
-7 191 0
-7 -192 0
-7 -193 0
-7 -194 0
-11 189 0
-11 190 0
-11 -191 0
-11 192 0
-11 -193 0
-11 -194 0
-16 -189 0
-16 -190 0
-16 -191 0
-16 -192 0
-16 193 0
-16 -194 0
-22 -189 0
-22 190 0
-22 191 0
-22 -192 0
-22 193 0
-22 -194 0
-24 -189 0
-24 -190 0
-24 -191 0
-24 192 0
-24 193 0
-24 -194 0
-25 189 0
-25 -190 0
-25 -191 0
-25 192 0
-25 193 0
-25 -194 0
-27 189 0
-27 190 0
-27 -191 0
-27 192 0
-27 193 0
-27 -194 0
-28 -189 0
-28 -190 0
-28 191 0
-28 192 0
-28 193 0
-28 -194 0
-37 189 0
-37 -190 0
-37 191 0
-37 -192 0
-37 -193 0
-37 194 0
-42 -189 0
-42 190 0
-42 -191 0
-42 192 0
-42 -193 0
-42 194 0
-44 -189 0
-44 -190 0
-44 191 0
-44 192 0
-44 -193 0
-44 194 0
-45 189 0
-45 -190 0
-45 191 0
-45 192 0
-45 -193 0
-45 194 0
-47 189 0
-47 190 0
-47 191 0
-47 192 0
-47 -193 0
-47 194 0
1 3 7 11 17 19 20 22 24 27 31 33 44 47 50 0
-1 195 0
-1 -196 0
-1 -197 0
-1 -198 0
-1 -199 0
-1 -200 0
-3 195 0
-3 196 0
-3 -197 0
-3 -198 0
-3 -199 0
-3 -200 0
-7 195 0
-7 196 0
-7 197 0
-7 -198 0
-7 -199 0
-7 -200 0
-11 195 0
-11 196 0
-11 -197 0
-11 198 0
-11 -199 0
-11 -200 0
-17 195 0
-17 -196 0
-17 -197 0
-17 -198 0
-17 199 0
-17 -200 0
-19 195 0
-19 196 0
-19 -197 0
-19 -198 0
-19 199 0
-19 -200 0
-20 -195 0
-20 -196 0
-20 197 0
-20 -198 0
-20 199 0
-20 -200 0
-22 -195 0
-22 196 0
-22 197 0
-22 -198 0
-22 199 0
-22 -200 0
-24 -195 0
-24 -196 0
-24 -197 0
-24 198 0
-24 199 0
-24 -200 0
-27 195 0
-27 196 0
-27 -197 0
-27 198 0
-27 199 0
-27 -200 0
-31 195 0
-31 196 0
-31 197 0
-31 198 0
-31 199 0
-31 -200 0
-33 195 0
-33 -196 0
-33 -197 0
-33 -198 0
-33 -199 0
-33 200 0
-44 -195 0
-44 -196 0
-44 197 0
-44 198 0
-44 -199 0
-44 200 0
-47 195 0
-47 196 0
-47 197 0
-47 198 0
-47 -199 0
-47 200 0
-50 -195 0
-50 196 0
-50 -197 0
-50 -198 0
-50 199 0
-50 200 0
1 3 4 5 11 17 24 27 31 32 33 37 42 43 47 49 0
-1 201 0
-1 -202 0
-1 -203 0
-1 -204 0
-1 -205 0
-1 -206 0
-3 201 0
-3 202 0
-3 -203 0
-3 -204 0
-3 -205 0
-3 -206 0
-4 -201 0
-4 -202 0
-4 203 0
-4 -204 0
-4 -205 0
-4 -206 0
-5 201 0
-5 -202 0
-5 203 0
-5 -204 0
-5 -205 0
-5 -206 0
-11 201 0
-11 202 0
-11 -203 0
-11 204 0
-11 -205 0
-11 -206 0
-17 201 0
-17 -202 0
-17 -203 0
-17 -204 0
-17 205 0
-17 -206 0
-24 -201 0
-24 -202 0
-24 -203 0
-24 204 0
-24 205 0
-24 -206 0
-27 201 0
-27 202 0
-27 -203 0
-27 204 0
-27 205 0
-27 -206 0
-31 201 0
-31 202 0
-31 203 0
-31 204 0
-31 205 0
-31 -206 0
-32 -201 0
-32 -202 0
-32 -203 0
-32 -204 0
-32 -205 0
-32 206 0
-33 201 0
-33 -202 0
-33 -203 0
-33 -204 0
-33 -205 0
-33 206 0
-37 201 0
-37 -202 0
-37 203 0
-37 -204 0
-37 -205 0
-37 206 0
-42 -201 0
-42 202 0
-42 -203 0
-42 204 0
-42 -205 0
-42 206 0
-43 201 0
-43 202 0
-43 -203 0
-43 204 0
-43 -205 0
-43 206 0
-47 201 0
-47 202 0
-47 203 0
-47 204 0
-47 -205 0
-47 206 0
-49 201 0
-49 -202 0
-49 -203 0
-49 -204 0
-49 205 0
-49 206 0
5 6 10 22 24 33 44 45 47 49 0
-5 207 0
-5 -208 0
-5 209 0
-5 -210 0
-5 -211 0
-5 -212 0
-6 -207 0
-6 208 0
-6 209 0
-6 -210 0
-6 -211 0
-6 -212 0
-10 -207 0
-10 208 0
-10 -209 0
-10 210 0
-10 -211 0
-10 -212 0
-22 -207 0
-22 208 0
-22 209 0
-22 -210 0
-22 211 0
-22 -212 0
-24 -207 0
-24 -208 0
-24 -209 0
-24 210 0
-24 211 0
-24 -212 0
-33 207 0
-33 -208 0
-33 -209 0
-33 -210 0
-33 -211 0
-33 212 0
-44 -207 0
-44 -208 0
-44 209 0
-44 210 0
-44 -211 0
-44 212 0
-45 207 0
-45 -208 0
-45 209 0
-45 210 0
-45 -211 0
-45 212 0
-47 207 0
-47 208 0
-47 209 0
-47 210 0
-47 -211 0
-47 212 0
-49 207 0
-49 -208 0
-49 -209 0
-49 -210 0
-49 211 0
-49 212 0
10 11 16 22 24 32 38 42 47 49 50 0
-10 -213 0
-10 214 0
-10 -215 0
-10 216 0
-10 -217 0
-10 -218 0
-11 213 0
-11 214 0
-11 -215 0
-11 216 0
-11 -217 0
-11 -218 0
-16 -213 0
-16 -214 0
-16 -215 0
-16 -216 0
-16 217 0
-16 -218 0
-22 -213 0
-22 214 0
-22 215 0
-22 -216 0
-22 217 0
-22 -218 0
-24 -213 0
-24 -214 0
-24 -215 0
-24 216 0
-24 217 0
-24 -218 0
-32 -213 0
-32 -214 0
-32 -215 0
-32 -216 0
-32 -217 0
-32 218 0
-38 -213 0
-38 214 0
-38 215 0
-38 -216 0
-38 -217 0
-38 218 0
-42 -213 0
-42 214 0
-42 -215 0
-42 216 0
-42 -217 0
-42 218 0
-47 213 0
-47 214 0
-47 215 0
-47 216 0
-47 -217 0
-47 218 0
-49 213 0
-49 -214 0
-49 -215 0
-49 -216 0
-49 217 0
-49 218 0
-50 -213 0
-50 214 0
-50 -215 0
-50 -216 0
-50 217 0
-50 218 0
4 5 17 19 21 24 27 31 32 33 42 44 50 0
-4 -219 0
-4 -220 0
-4 221 0
-4 -222 0
-4 -223 0
-4 -224 0
-5 219 0
-5 -220 0
-5 221 0
-5 -222 0
-5 -223 0
-5 -224 0
-17 219 0
-17 -220 0
-17 -221 0
-17 -222 0
-17 223 0
-17 -224 0
-19 219 0
-19 220 0
-19 -221 0
-19 -222 0
-19 223 0
-19 -224 0
-21 219 0
-21 -220 0
-21 221 0
-21 -222 0
-21 223 0
-21 -224 0
-24 -219 0
-24 -220 0
-24 -221 0
-24 222 0
-24 223 0
-24 -224 0
-27 219 0
-27 220 0
-27 -221 0
-27 222 0
-27 223 0
-27 -224 0
-31 219 0
-31 220 0
-31 221 0
-31 222 0
-31 223 0
-31 -224 0
-32 -219 0
-32 -220 0
-32 -221 0
-32 -222 0
-32 -223 0
-32 224 0
-33 219 0
-33 -220 0
-33 -221 0
-33 -222 0
-33 -223 0
-33 224 0
-42 -219 0
-42 220 0
-42 -221 0
-42 222 0
-42 -223 0
-42 224 0
-44 -219 0
-44 -220 0
-44 221 0
-44 222 0
-44 -223 0
-44 224 0
-50 -219 0
-50 220 0
-50 -221 0
-50 -222 0
-50 223 0
-50 224 0
7 10 16 19 23 24 29 31 33 35 49 50 0
-7 225 0
-7 226 0
-7 227 0
-7 -228 0
-7 -229 0
-7 -230 0
-10 -225 0
-10 226 0
-10 -227 0
-10 228 0
-10 -229 0
-10 -230 0
-16 -225 0
-16 -226 0
-16 -227 0
-16 -228 0
-16 229 0
-16 -230 0
-19 225 0
-19 226 0
-19 -227 0
-19 -228 0
-19 229 0
-19 -230 0
-23 225 0
-23 226 0
-23 227 0
-23 -228 0
-23 229 0
-23 -230 0
-24 -225 0
-24 -226 0
-24 -227 0
-24 228 0
-24 229 0
-24 -230 0
-29 225 0
-29 -226 0
-29 227 0
-29 228 0
-29 229 0
-29 -230 0
-31 225 0
-31 226 0
-31 227 0
-31 228 0
-31 229 0
-31 -230 0
-33 225 0
-33 -226 0
-33 -227 0
-33 -228 0
-33 -229 0
-33 230 0
-35 225 0
-35 226 0
-35 -227 0
-35 -228 0
-35 -229 0
-35 230 0
-49 225 0
-49 -226 0
-49 -227 0
-49 -228 0
-49 229 0
-49 230 0
-50 -225 0
-50 226 0
-50 -227 0
-50 -228 0
-50 229 0
-50 230 0
3 4 5 10 16 19 23 24 26 27 33 36 37 41 42 47 0
-3 231 0
-3 232 0
-3 -233 0
-3 -234 0
-3 -235 0
-3 -236 0
-4 -231 0
-4 -232 0
-4 233 0
-4 -234 0
-4 -235 0
-4 -236 0
-5 231 0
-5 -232 0
-5 233 0
-5 -234 0
-5 -235 0
-5 -236 0
-10 -231 0
-10 232 0
-10 -233 0
-10 234 0
-10 -235 0
-10 -236 0
-16 -231 0
-16 -232 0
-16 -233 0
-16 -234 0
-16 235 0
-16 -236 0
-19 231 0
-19 232 0
-19 -233 0
-19 -234 0
-19 235 0
-19 -236 0
-23 231 0
-23 232 0
-23 233 0
-23 -234 0
-23 235 0
-23 -236 0
-24 -231 0
-24 -232 0
-24 -233 0
-24 234 0
-24 235 0
-24 -236 0
-26 -231 0
-26 232 0
-26 -233 0
-26 234 0
-26 235 0
-26 -236 0
-27 231 0
-27 232 0
-27 -233 0
-27 234 0
-27 235 0
-27 -236 0
-33 231 0
-33 -232 0
-33 -233 0
-33 -234 0
-33 -235 0
-33 236 0
-36 -231 0
-36 -232 0
-36 233 0
-36 -234 0
-36 -235 0
-36 236 0
-37 231 0
-37 -232 0
-37 233 0
-37 -234 0
-37 -235 0
-37 236 0
-41 231 0
-41 -232 0
-41 -233 0
-41 234 0
-41 -235 0
-41 236 0
-42 -231 0
-42 232 0
-42 -233 0
-42 234 0
-42 -235 0
-42 236 0
-47 231 0
-47 232 0
-47 233 0
-47 234 0
-47 -235 0
-47 236 0
3 4 7 11 16 19 31 32 33 35 36 42 46 47 50 0
-3 237 0
-3 238 0
-3 -239 0
-3 -240 0
-3 -241 0
-3 -242 0
-4 -237 0
-4 -238 0
-4 239 0
-4 -240 0
-4 -241 0
-4 -242 0
-7 237 0
-7 238 0
-7 239 0
-7 -240 0
-7 -241 0
-7 -242 0
-11 237 0
-11 238 0
-11 -239 0
-11 240 0
-11 -241 0
-11 -242 0
-16 -237 0
-16 -238 0
-16 -239 0
-16 -240 0
-16 241 0
-16 -242 0
-19 237 0
-19 238 0
-19 -239 0
-19 -240 0
-19 241 0
-19 -242 0
-31 237 0
-31 238 0
-31 239 0
-31 240 0
-31 241 0
-31 -242 0
-32 -237 0
-32 -238 0
-32 -239 0
-32 -240 0
-32 -241 0
-32 242 0
-33 237 0
-33 -238 0
-33 -239 0
-33 -240 0
-33 -241 0
-33 242 0
-35 237 0
-35 238 0
-35 -239 0
-35 -240 0
-35 -241 0
-35 242 0
-36 -237 0
-36 -238 0
-36 239 0
-36 -240 0
-36 -241 0
-36 242 0
-42 -237 0
-42 238 0
-42 -239 0
-42 240 0
-42 -241 0
-42 242 0
-46 -237 0
-46 238 0
-46 239 0
-46 240 0
-46 -241 0
-46 242 0
-47 237 0
-47 238 0
-47 239 0
-47 240 0
-47 -241 0
-47 242 0
-50 -237 0
-50 238 0
-50 -239 0
-50 -240 0
-50 241 0
-50 242 0
1 9 10 16 17 22 23 31 35 40 42 47 49 50 0
-1 243 0
-1 -244 0
-1 -245 0
-1 -246 0
-1 -247 0
-1 -248 0
-9 243 0
-9 -244 0
-9 -245 0
-9 246 0
-9 -247 0
-9 -248 0
-10 -243 0
-10 244 0
-10 -245 0
-10 246 0
-10 -247 0
-10 -248 0
-16 -243 0
-16 -244 0
-16 -245 0
-16 -246 0
-16 247 0
-16 -248 0
-17 243 0
-17 -244 0
-17 -245 0
-17 -246 0
-17 247 0
-17 -248 0
-22 -243 0
-22 244 0
-22 245 0
-22 -246 0
-22 247 0
-22 -248 0
-23 243 0
-23 244 0
-23 245 0
-23 -246 0
-23 247 0
-23 -248 0
-31 243 0
-31 244 0
-31 245 0
-31 246 0
-31 247 0
-31 -248 0
-35 243 0
-35 244 0
-35 -245 0
-35 -246 0
-35 -247 0
-35 248 0
-40 -243 0
-40 -244 0
-40 -245 0
-40 246 0
-40 -247 0
-40 248 0
-42 -243 0
-42 244 0
-42 -245 0
-42 246 0
-42 -247 0
-42 248 0
-47 243 0
-47 244 0
-47 245 0
-47 246 0
-47 -247 0
-47 248 0
-49 243 0
-49 -244 0
-49 -245 0
-49 -246 0
-49 247 0
-49 248 0
-50 -243 0
-50 244 0
-50 -245 0
-50 -246 0
-50 247 0
-50 248 0
1 4 11 12 16 19 24 32 37 45 47 0
-1 249 0
-1 -250 0
-1 -251 0
-1 -252 0
-1 -253 0
-1 -254 0
-4 -249 0
-4 -250 0
-4 251 0
-4 -252 0
-4 -253 0
-4 -254 0
-11 249 0
-11 250 0
-11 -251 0
-11 252 0
-11 -253 0
-11 -254 0
-12 -249 0
-12 -250 0
-12 251 0
-12 252 0
-12 -253 0
-12 -254 0
-16 -249 0
-16 -250 0
-16 -251 0
-16 -252 0
-16 253 0
-16 -254 0
-19 249 0
-19 250 0
-19 -251 0
-19 -252 0
-19 253 0
-19 -254 0
-24 -249 0
-24 -250 0
-24 -251 0
-24 252 0
-24 253 0
-24 -254 0
-32 -249 0
-32 -250 0
-32 -251 0
-32 -252 0
-32 -253 0
-32 254 0
-37 249 0
-37 -250 0
-37 251 0
-37 -252 0
-37 -253 0
-37 254 0
-45 249 0
-45 -250 0
-45 251 0
-45 252 0
-45 -253 0
-45 254 0
-47 249 0
-47 250 0
-47 251 0
-47 252 0
-47 -253 0
-47 254 0
3 4 6 16 24 31 32 33 35 36 47 49 0
-3 255 0
-3 256 0
-3 -257 0
-3 -258 0
-3 -259 0
-3 -260 0
-4 -255 0
-4 -256 0
-4 257 0
-4 -258 0
-4 -259 0
-4 -260 0
-6 -255 0
-6 256 0
-6 257 0
-6 -258 0
-6 -259 0
-6 -260 0
-16 -255 0
-16 -256 0
-16 -257 0
-16 -258 0
-16 259 0
-16 -260 0
-24 -255 0
-24 -256 0
-24 -257 0
-24 258 0
-24 259 0
-24 -260 0
-31 255 0
-31 256 0
-31 257 0
-31 258 0
-31 259 0
-31 -260 0
-32 -255 0
-32 -256 0
-32 -257 0
-32 -258 0
-32 -259 0
-32 260 0
-33 255 0
-33 -256 0
-33 -257 0
-33 -258 0
-33 -259 0
-33 260 0
-35 255 0
-35 256 0
-35 -257 0
-35 -258 0
-35 -259 0
-35 260 0
-36 -255 0
-36 -256 0
-36 257 0
-36 -258 0
-36 -259 0
-36 260 0
-47 255 0
-47 256 0
-47 257 0
-47 258 0
-47 -259 0
-47 260 0
-49 255 0
-49 -256 0
-49 -257 0
-49 -258 0
-49 259 0
-49 260 0
7 10 16 17 19 23 33 38 42 45 50 0
-7 261 0
-7 262 0
-7 263 0
-7 -264 0
-7 -265 0
-7 -266 0
-10 -261 0
-10 262 0
-10 -263 0
-10 264 0
-10 -265 0
-10 -266 0
-16 -261 0
-16 -262 0
-16 -263 0
-16 -264 0
-16 265 0
-16 -266 0
-17 261 0
-17 -262 0
-17 -263 0
-17 -264 0
-17 265 0
-17 -266 0
-19 261 0
-19 262 0
-19 -263 0
-19 -264 0
-19 265 0
-19 -266 0
-23 261 0
-23 262 0
-23 263 0
-23 -264 0
-23 265 0
-23 -266 0
-33 261 0
-33 -262 0
-33 -263 0
-33 -264 0
-33 -265 0
-33 266 0
-38 -261 0
-38 262 0
-38 263 0
-38 -264 0
-38 -265 0
-38 266 0
-42 -261 0
-42 262 0
-42 -263 0
-42 264 0
-42 -265 0
-42 266 0
-45 261 0
-45 -262 0
-45 263 0
-45 264 0
-45 -265 0
-45 266 0
-50 -261 0
-50 262 0
-50 -263 0
-50 -264 0
-50 265 0
-50 266 0
2 3 17 23 24 33 36 42 50 0
-2 -267 0
-2 268 0
-2 -269 0
-2 -270 0
-2 -271 0
-2 -272 0
-3 267 0
-3 268 0
-3 -269 0
-3 -270 0
-3 -271 0
-3 -272 0
-17 267 0
-17 -268 0
-17 -269 0
-17 -270 0
-17 271 0
-17 -272 0
-23 267 0
-23 268 0
-23 269 0
-23 -270 0
-23 271 0
-23 -272 0
-24 -267 0
-24 -268 0
-24 -269 0
-24 270 0
-24 271 0
-24 -272 0
-33 267 0
-33 -268 0
-33 -269 0
-33 -270 0
-33 -271 0
-33 272 0
-36 -267 0
-36 -268 0
-36 269 0
-36 -270 0
-36 -271 0
-36 272 0
-42 -267 0
-42 268 0
-42 -269 0
-42 270 0
-42 -271 0
-42 272 0
-50 -267 0
-50 268 0
-50 -269 0
-50 -270 0
-50 271 0
-50 272 0
4 6 16 19 23 33 36 42 47 49 50 0
-4 -273 0
-4 -274 0
-4 275 0
-4 -276 0
-4 -277 0
-4 -278 0
-6 -273 0
-6 274 0
-6 275 0
-6 -276 0
-6 -277 0
-6 -278 0
-16 -273 0
-16 -274 0
-16 -275 0
-16 -276 0
-16 277 0
-16 -278 0
-19 273 0
-19 274 0
-19 -275 0
-19 -276 0
-19 277 0
-19 -278 0
-23 273 0
-23 274 0
-23 275 0
-23 -276 0
-23 277 0
-23 -278 0
-33 273 0
-33 -274 0
-33 -275 0
-33 -276 0
-33 -277 0
-33 278 0
-36 -273 0
-36 -274 0
-36 275 0
-36 -276 0
-36 -277 0
-36 278 0
-42 -273 0
-42 274 0
-42 -275 0
-42 276 0
-42 -277 0
-42 278 0
-47 273 0
-47 274 0
-47 275 0
-47 276 0
-47 -277 0
-47 278 0
-49 273 0
-49 -274 0
-49 -275 0
-49 -276 0
-49 277 0
-49 278 0
-50 -273 0
-50 274 0
-50 -275 0
-50 -276 0
-50 277 0
-50 278 0
17 19 22 24 27 31 34 35 42 47 49 0
-17 279 0
-17 -280 0
-17 -281 0
-17 -282 0
-17 283 0
-17 -284 0
-19 279 0
-19 280 0
-19 -281 0
-19 -282 0
-19 283 0
-19 -284 0
-22 -279 0
-22 280 0
-22 281 0
-22 -282 0
-22 283 0
-22 -284 0
-24 -279 0
-24 -280 0
-24 -281 0
-24 282 0
-24 283 0
-24 -284 0
-27 279 0
-27 280 0
-27 -281 0
-27 282 0
-27 283 0
-27 -284 0
-31 279 0
-31 280 0
-31 281 0
-31 282 0
-31 283 0
-31 -284 0
-34 -279 0
-34 280 0
-34 -281 0
-34 -282 0
-34 -283 0
-34 284 0
-35 279 0
-35 280 0
-35 -281 0
-35 -282 0
-35 -283 0
-35 284 0
-42 -279 0
-42 280 0
-42 -281 0
-42 282 0
-42 -283 0
-42 284 0
-47 279 0
-47 280 0
-47 281 0
-47 282 0
-47 -283 0
-47 284 0
-49 279 0
-49 -280 0
-49 -281 0
-49 -282 0
-49 283 0
-49 284 0
2 3 4 5 7 11 17 22 23 27 31 47 49 0
-2 -285 0
-2 286 0
-2 -287 0
-2 -288 0
-2 -289 0
-2 -290 0
-3 285 0
-3 286 0
-3 -287 0
-3 -288 0
-3 -289 0
-3 -290 0
-4 -285 0
-4 -286 0
-4 287 0
-4 -288 0
-4 -289 0
-4 -290 0
-5 285 0
-5 -286 0
-5 287 0
-5 -288 0
-5 -289 0
-5 -290 0
-7 285 0
-7 286 0
-7 287 0
-7 -288 0
-7 -289 0
-7 -290 0
-11 285 0
-11 286 0
-11 -287 0
-11 288 0
-11 -289 0
-11 -290 0
-17 285 0
-17 -286 0
-17 -287 0
-17 -288 0
-17 289 0
-17 -290 0
-22 -285 0
-22 286 0
-22 287 0
-22 -288 0
-22 289 0
-22 -290 0
-23 285 0
-23 286 0
-23 287 0
-23 -288 0
-23 289 0
-23 -290 0
-27 285 0
-27 286 0
-27 -287 0
-27 288 0
-27 289 0
-27 -290 0
-31 285 0
-31 286 0
-31 287 0
-31 288 0
-31 289 0
-31 -290 0
-47 285 0
-47 286 0
-47 287 0
-47 288 0
-47 -289 0
-47 290 0
-49 285 0
-49 -286 0
-49 -287 0
-49 -288 0
-49 289 0
-49 290 0
3 4 5 10 16 17 19 22 27 31 32 35 42 43 49 0
-3 291 0
-3 292 0
-3 -293 0
-3 -294 0
-3 -295 0
-3 -296 0
-4 -291 0
-4 -292 0
-4 293 0
-4 -294 0
-4 -295 0
-4 -296 0
-5 291 0
-5 -292 0
-5 293 0
-5 -294 0
-5 -295 0
-5 -296 0
-10 -291 0
-10 292 0
-10 -293 0
-10 294 0
-10 -295 0
-10 -296 0
-16 -291 0
-16 -292 0
-16 -293 0
-16 -294 0
-16 295 0
-16 -296 0
-17 291 0
-17 -292 0
-17 -293 0
-17 -294 0
-17 295 0
-17 -296 0
-19 291 0
-19 292 0
-19 -293 0
-19 -294 0
-19 295 0
-19 -296 0
-22 -291 0
-22 292 0
-22 293 0
-22 -294 0
-22 295 0
-22 -296 0
-27 291 0
-27 292 0
-27 -293 0
-27 294 0
-27 295 0
-27 -296 0
-31 291 0
-31 292 0
-31 293 0
-31 294 0
-31 295 0
-31 -296 0
-32 -291 0
-32 -292 0
-32 -293 0
-32 -294 0
-32 -295 0
-32 296 0
-35 291 0
-35 292 0
-35 -293 0
-35 -294 0
-35 -295 0
-35 296 0
-42 -291 0
-42 292 0
-42 -293 0
-42 294 0
-42 -295 0
-42 296 0
-43 291 0
-43 292 0
-43 -293 0
-43 294 0
-43 -295 0
-43 296 0
-49 291 0
-49 -292 0
-49 -293 0
-49 -294 0
-49 295 0
-49 296 0
4 5 10 11 16 19 22 33 34 35 36 50 0
-4 -297 0
-4 -298 0
-4 299 0
-4 -300 0
-4 -301 0
-4 -302 0
-5 297 0
-5 -298 0
-5 299 0
-5 -300 0
-5 -301 0
-5 -302 0
-10 -297 0
-10 298 0
-10 -299 0
-10 300 0
-10 -301 0
-10 -302 0
-11 297 0
-11 298 0
-11 -299 0
-11 300 0
-11 -301 0
-11 -302 0
-16 -297 0
-16 -298 0
-16 -299 0
-16 -300 0
-16 301 0
-16 -302 0
-19 297 0
-19 298 0
-19 -299 0
-19 -300 0
-19 301 0
-19 -302 0
-22 -297 0
-22 298 0
-22 299 0
-22 -300 0
-22 301 0
-22 -302 0
-33 297 0
-33 -298 0
-33 -299 0
-33 -300 0
-33 -301 0
-33 302 0
-34 -297 0
-34 298 0
-34 -299 0
-34 -300 0
-34 -301 0
-34 302 0
-35 297 0
-35 298 0
-35 -299 0
-35 -300 0
-35 -301 0
-35 302 0
-36 -297 0
-36 -298 0
-36 299 0
-36 -300 0
-36 -301 0
-36 302 0
-50 -297 0
-50 298 0
-50 -299 0
-50 -300 0
-50 301 0
-50 302 0
7 14 17 19 23 24 31 33 44 46 0
-7 303 0
-7 304 0
-7 305 0
-7 -306 0
-7 -307 0
-7 -308 0
-14 -303 0
-14 304 0
-14 305 0
-14 306 0
-14 -307 0
-14 -308 0
-17 303 0
-17 -304 0
-17 -305 0
-17 -306 0
-17 307 0
-17 -308 0
-19 303 0
-19 304 0
-19 -305 0
-19 -306 0
-19 307 0
-19 -308 0
-23 303 0
-23 304 0
-23 305 0
-23 -306 0
-23 307 0
-23 -308 0
-24 -303 0
-24 -304 0
-24 -305 0
-24 306 0
-24 307 0
-24 -308 0
-31 303 0
-31 304 0
-31 305 0
-31 306 0
-31 307 0
-31 -308 0
-33 303 0
-33 -304 0
-33 -305 0
-33 -306 0
-33 -307 0
-33 308 0
-44 -303 0
-44 -304 0
-44 305 0
-44 306 0
-44 -307 0
-44 308 0
-46 -303 0
-46 304 0
-46 305 0
-46 306 0
-46 -307 0
-46 308 0
7 9 16 31 32 35 36 47 49 0
-7 309 0
-7 310 0
-7 311 0
-7 -312 0
-7 -313 0
-7 -314 0
-9 309 0
-9 -310 0
-9 -311 0
-9 312 0
-9 -313 0
-9 -314 0
-16 -309 0
-16 -310 0
-16 -311 0
-16 -312 0
-16 313 0
-16 -314 0
-31 309 0
-31 310 0
-31 311 0
-31 312 0
-31 313 0
-31 -314 0
-32 -309 0
-32 -310 0
-32 -311 0
-32 -312 0
-32 -313 0
-32 314 0
-35 309 0
-35 310 0
-35 -311 0
-35 -312 0
-35 -313 0
-35 314 0
-36 -309 0
-36 -310 0
-36 311 0
-36 -312 0
-36 -313 0
-36 314 0
-47 309 0
-47 310 0
-47 311 0
-47 312 0
-47 -313 0
-47 314 0
-49 309 0
-49 -310 0
-49 -311 0
-49 -312 0
-49 313 0
-49 314 0
1 3 4 16 19 24 30 31 35 42 44 49 0
-1 315 0
-1 -316 0
-1 -317 0
-1 -318 0
-1 -319 0
-1 -320 0
-3 315 0
-3 316 0
-3 -317 0
-3 -318 0
-3 -319 0
-3 -320 0
-4 -315 0
-4 -316 0
-4 317 0
-4 -318 0
-4 -319 0
-4 -320 0
-16 -315 0
-16 -316 0
-16 -317 0
-16 -318 0
-16 319 0
-16 -320 0
-19 315 0
-19 316 0
-19 -317 0
-19 -318 0
-19 319 0
-19 -320 0
-24 -315 0
-24 -316 0
-24 -317 0
-24 318 0
-24 319 0
-24 -320 0
-30 -315 0
-30 316 0
-30 317 0
-30 318 0
-30 319 0
-30 -320 0
-31 315 0
-31 316 0
-31 317 0
-31 318 0
-31 319 0
-31 -320 0
-35 315 0
-35 316 0
-35 -317 0
-35 -318 0
-35 -319 0
-35 320 0
-42 -315 0
-42 316 0
-42 -317 0
-42 318 0
-42 -319 0
-42 320 0
-44 -315 0
-44 -316 0
-44 317 0
-44 318 0
-44 -319 0
-44 320 0
-49 315 0
-49 -316 0
-49 -317 0
-49 -318 0
-49 319 0
-49 320 0
7 9 16 22 31 32 33 35 36 37 42 47 49 50 0
-7 321 0
-7 322 0
-7 323 0
-7 -324 0
-7 -325 0
-7 -326 0
-9 321 0
-9 -322 0
-9 -323 0
-9 324 0
-9 -325 0
-9 -326 0
-16 -321 0
-16 -322 0
-16 -323 0
-16 -324 0
-16 325 0
-16 -326 0
-22 -321 0
-22 322 0
-22 323 0
-22 -324 0
-22 325 0
-22 -326 0
-31 321 0
-31 322 0
-31 323 0
-31 324 0
-31 325 0
-31 -326 0
-32 -321 0
-32 -322 0
-32 -323 0
-32 -324 0
-32 -325 0
-32 326 0
-33 321 0
-33 -322 0
-33 -323 0
-33 -324 0
-33 -325 0
-33 326 0
-35 321 0
-35 322 0
-35 -323 0
-35 -324 0
-35 -325 0
-35 326 0
-36 -321 0
-36 -322 0
-36 323 0
-36 -324 0
-36 -325 0
-36 326 0
-37 321 0
-37 -322 0
-37 323 0
-37 -324 0
-37 -325 0
-37 326 0
-42 -321 0
-42 322 0
-42 -323 0
-42 324 0
-42 -325 0
-42 326 0
-47 321 0
-47 322 0
-47 323 0
-47 324 0
-47 -325 0
-47 326 0
-49 321 0
-49 -322 0
-49 -323 0
-49 -324 0
-49 325 0
-49 326 0
-50 -321 0
-50 322 0
-50 -323 0
-50 -324 0
-50 325 0
-50 326 0
1 4 17 19 20 22 27 31 35 37 42 45 49 0
-1 327 0
-1 -328 0
-1 -329 0
-1 -330 0
-1 -331 0
-1 -332 0
-4 -327 0
-4 -328 0
-4 329 0
-4 -330 0
-4 -331 0
-4 -332 0
-17 327 0
-17 -328 0
-17 -329 0
-17 -330 0
-17 331 0
-17 -332 0
-19 327 0
-19 328 0
-19 -329 0
-19 -330 0
-19 331 0
-19 -332 0
-20 -327 0
-20 -328 0
-20 329 0
-20 -330 0
-20 331 0
-20 -332 0
-22 -327 0
-22 328 0
-22 329 0
-22 -330 0
-22 331 0
-22 -332 0
-27 327 0
-27 328 0
-27 -329 0
-27 330 0
-27 331 0
-27 -332 0
-31 327 0
-31 328 0
-31 329 0
-31 330 0
-31 331 0
-31 -332 0
-35 327 0
-35 328 0
-35 -329 0
-35 -330 0
-35 -331 0
-35 332 0
-37 327 0
-37 -328 0
-37 329 0
-37 -330 0
-37 -331 0
-37 332 0
-42 -327 0
-42 328 0
-42 -329 0
-42 330 0
-42 -331 0
-42 332 0
-45 327 0
-45 -328 0
-45 329 0
-45 330 0
-45 -331 0
-45 332 0
-49 327 0
-49 -328 0
-49 -329 0
-49 -330 0
-49 331 0
-49 332 0
1 19 22 24 31 32 39 44 47 49 50 0
-1 333 0
-1 -334 0
-1 -335 0
-1 -336 0
-1 -337 0
-1 -338 0
-19 333 0
-19 334 0
-19 -335 0
-19 -336 0
-19 337 0
-19 -338 0
-22 -333 0
-22 334 0
-22 335 0
-22 -336 0
-22 337 0
-22 -338 0
-24 -333 0
-24 -334 0
-24 -335 0
-24 336 0
-24 337 0
-24 -338 0
-31 333 0
-31 334 0
-31 335 0
-31 336 0
-31 337 0
-31 -338 0
-32 -333 0
-32 -334 0
-32 -335 0
-32 -336 0
-32 -337 0
-32 338 0
-39 333 0
-39 334 0
-39 335 0
-39 -336 0
-39 -337 0
-39 338 0
-44 -333 0
-44 -334 0
-44 335 0
-44 336 0
-44 -337 0
-44 338 0
-47 333 0
-47 334 0
-47 335 0
-47 336 0
-47 -337 0
-47 338 0
-49 333 0
-49 -334 0
-49 -335 0
-49 -336 0
-49 337 0
-49 338 0
-50 -333 0
-50 334 0
-50 -335 0
-50 -336 0
-50 337 0
-50 338 0
4 5 9 16 17 22 31 33 36 42 45 0
-4 -339 0
-4 -340 0
-4 341 0
-4 -342 0
-4 -343 0
-4 -344 0
-5 339 0
-5 -340 0
-5 341 0
-5 -342 0
-5 -343 0
-5 -344 0
-9 339 0
-9 -340 0
-9 -341 0
-9 342 0
-9 -343 0
-9 -344 0
-16 -339 0
-16 -340 0
-16 -341 0
-16 -342 0
-16 343 0
-16 -344 0
-17 339 0
-17 -340 0
-17 -341 0
-17 -342 0
-17 343 0
-17 -344 0
-22 -339 0
-22 340 0
-22 341 0
-22 -342 0
-22 343 0
-22 -344 0
-31 339 0
-31 340 0
-31 341 0
-31 342 0
-31 343 0
-31 -344 0
-33 339 0
-33 -340 0
-33 -341 0
-33 -342 0
-33 -343 0
-33 344 0
-36 -339 0
-36 -340 0
-36 341 0
-36 -342 0
-36 -343 0
-36 344 0
-42 -339 0
-42 340 0
-42 -341 0
-42 342 0
-42 -343 0
-42 344 0
-45 339 0
-45 -340 0
-45 341 0
-45 342 0
-45 -343 0
-45 344 0
1 4 5 14 16 19 23 27 31 33 35 37 39 42 47 49 0
-1 345 0
-1 -346 0
-1 -347 0
-1 -348 0
-1 -349 0
-1 -350 0
-4 -345 0
-4 -346 0
-4 347 0
-4 -348 0
-4 -349 0
-4 -350 0
-5 345 0
-5 -346 0
-5 347 0
-5 -348 0
-5 -349 0
-5 -350 0
-14 -345 0
-14 346 0
-14 347 0
-14 348 0
-14 -349 0
-14 -350 0
-16 -345 0
-16 -346 0
-16 -347 0
-16 -348 0
-16 349 0
-16 -350 0
-19 345 0
-19 346 0
-19 -347 0
-19 -348 0
-19 349 0
-19 -350 0
-23 345 0
-23 346 0
-23 347 0
-23 -348 0
-23 349 0
-23 -350 0
-27 345 0
-27 346 0
-27 -347 0
-27 348 0
-27 349 0
-27 -350 0
-31 345 0
-31 346 0
-31 347 0
-31 348 0
-31 349 0
-31 -350 0
-33 345 0
-33 -346 0
-33 -347 0
-33 -348 0
-33 -349 0
-33 350 0
-35 345 0
-35 346 0
-35 -347 0
-35 -348 0
-35 -349 0
-35 350 0
-37 345 0
-37 -346 0
-37 347 0
-37 -348 0
-37 -349 0
-37 350 0
-39 345 0
-39 346 0
-39 347 0
-39 -348 0
-39 -349 0
-39 350 0
-42 -345 0
-42 346 0
-42 -347 0
-42 348 0
-42 -349 0
-42 350 0
-47 345 0
-47 346 0
-47 347 0
-47 348 0
-47 -349 0
-47 350 0
-49 345 0
-49 -346 0
-49 -347 0
-49 -348 0
-49 349 0
-49 350 0
3 24 33 42 43 50 0
-3 351 0
-3 352 0
-3 -353 0
-3 -354 0
-3 -355 0
-3 -356 0
-24 -351 0
-24 -352 0
-24 -353 0
-24 354 0
-24 355 0
-24 -356 0
-33 351 0
-33 -352 0
-33 -353 0
-33 -354 0
-33 -355 0
-33 356 0
-42 -351 0
-42 352 0
-42 -353 0
-42 354 0
-42 -355 0
-42 356 0
-43 351 0
-43 352 0
-43 -353 0
-43 354 0
-43 -355 0
-43 356 0
-50 -351 0
-50 352 0
-50 -353 0
-50 -354 0
-50 355 0
-50 356 0
1 3 5 16 27 33 36 37 38 40 42 0
-1 357 0
-1 -358 0
-1 -359 0
-1 -360 0
-1 -361 0
-1 -362 0
-3 357 0
-3 358 0
-3 -359 0
-3 -360 0
-3 -361 0
-3 -362 0
-5 357 0
-5 -358 0
-5 359 0
-5 -360 0
-5 -361 0
-5 -362 0
-16 -357 0
-16 -358 0
-16 -359 0
-16 -360 0
-16 361 0
-16 -362 0
-27 357 0
-27 358 0
-27 -359 0
-27 360 0
-27 361 0
-27 -362 0
-33 357 0
-33 -358 0
-33 -359 0
-33 -360 0
-33 -361 0
-33 362 0
-36 -357 0
-36 -358 0
-36 359 0
-36 -360 0
-36 -361 0
-36 362 0
-37 357 0
-37 -358 0
-37 359 0
-37 -360 0
-37 -361 0
-37 362 0
-38 -357 0
-38 358 0
-38 359 0
-38 -360 0
-38 -361 0
-38 362 0
-40 -357 0
-40 -358 0
-40 -359 0
-40 360 0
-40 -361 0
-40 362 0
-42 -357 0
-42 358 0
-42 -359 0
-42 360 0
-42 -361 0
-42 362 0
3 10 12 19 31 33 36 42 45 47 50 0
-3 363 0
-3 364 0
-3 -365 0
-3 -366 0
-3 -367 0
-3 -368 0
-10 -363 0
-10 364 0
-10 -365 0
-10 366 0
-10 -367 0
-10 -368 0
-12 -363 0
-12 -364 0
-12 365 0
-12 366 0
-12 -367 0
-12 -368 0
-19 363 0
-19 364 0
-19 -365 0
-19 -366 0
-19 367 0
-19 -368 0
-31 363 0
-31 364 0
-31 365 0
-31 366 0
-31 367 0
-31 -368 0
-33 363 0
-33 -364 0
-33 -365 0
-33 -366 0
-33 -367 0
-33 368 0
-36 -363 0
-36 -364 0
-36 365 0
-36 -366 0
-36 -367 0
-36 368 0
-42 -363 0
-42 364 0
-42 -365 0
-42 366 0
-42 -367 0
-42 368 0
-45 363 0
-45 -364 0
-45 365 0
-45 366 0
-45 -367 0
-45 368 0
-47 363 0
-47 364 0
-47 365 0
-47 366 0
-47 -367 0
-47 368 0
-50 -363 0
-50 364 0
-50 -365 0
-50 -366 0
-50 367 0
-50 368 0
1 3 5 7 16 19 21 24 35 36 42 44 49 50 0
-1 369 0
-1 -370 0
-1 -371 0
-1 -372 0
-1 -373 0
-1 -374 0
-3 369 0
-3 370 0
-3 -371 0
-3 -372 0
-3 -373 0
-3 -374 0
-5 369 0
-5 -370 0
-5 371 0
-5 -372 0
-5 -373 0
-5 -374 0
-7 369 0
-7 370 0
-7 371 0
-7 -372 0
-7 -373 0
-7 -374 0
-16 -369 0
-16 -370 0
-16 -371 0
-16 -372 0
-16 373 0
-16 -374 0
-19 369 0
-19 370 0
-19 -371 0
-19 -372 0
-19 373 0
-19 -374 0
-21 369 0
-21 -370 0
-21 371 0
-21 -372 0
-21 373 0
-21 -374 0
-24 -369 0
-24 -370 0
-24 -371 0
-24 372 0
-24 373 0
-24 -374 0
-35 369 0
-35 370 0
-35 -371 0
-35 -372 0
-35 -373 0
-35 374 0
-36 -369 0
-36 -370 0
-36 371 0
-36 -372 0
-36 -373 0
-36 374 0
-42 -369 0
-42 370 0
-42 -371 0
-42 372 0
-42 -373 0
-42 374 0
-44 -369 0
-44 -370 0
-44 371 0
-44 372 0
-44 -373 0
-44 374 0
-49 369 0
-49 -370 0
-49 -371 0
-49 -372 0
-49 373 0
-49 374 0
-50 -369 0
-50 370 0
-50 -371 0
-50 -372 0
-50 373 0
-50 374 0
4 5 10 11 17 20 24 33 37 42 47 49 50 0
-4 -375 0
-4 -376 0
-4 377 0
-4 -378 0
-4 -379 0
-4 -380 0
-5 375 0
-5 -376 0
-5 377 0
-5 -378 0
-5 -379 0
-5 -380 0
-10 -375 0
-10 376 0
-10 -377 0
-10 378 0
-10 -379 0
-10 -380 0
-11 375 0
-11 376 0
-11 -377 0
-11 378 0
-11 -379 0
-11 -380 0
-17 375 0
-17 -376 0
-17 -377 0
-17 -378 0
-17 379 0
-17 -380 0
-20 -375 0
-20 -376 0
-20 377 0
-20 -378 0
-20 379 0
-20 -380 0
-24 -375 0
-24 -376 0
-24 -377 0
-24 378 0
-24 379 0
-24 -380 0
-33 375 0
-33 -376 0
-33 -377 0
-33 -378 0
-33 -379 0
-33 380 0
-37 375 0
-37 -376 0
-37 377 0
-37 -378 0
-37 -379 0
-37 380 0
-42 -375 0
-42 376 0
-42 -377 0
-42 378 0
-42 -379 0
-42 380 0
-47 375 0
-47 376 0
-47 377 0
-47 378 0
-47 -379 0
-47 380 0
-49 375 0
-49 -376 0
-49 -377 0
-49 -378 0
-49 379 0
-49 380 0
-50 -375 0
-50 376 0
-50 -377 0
-50 -378 0
-50 379 0
-50 380 0
13 24 27 28 31 32 36 37 42 45 47 49 0
-13 381 0
-13 -382 0
-13 383 0
-13 384 0
-13 -385 0
-13 -386 0
-24 -381 0
-24 -382 0
-24 -383 0
-24 384 0
-24 385 0
-24 -386 0
-27 381 0
-27 382 0
-27 -383 0
-27 384 0
-27 385 0
-27 -386 0
-28 -381 0
-28 -382 0
-28 383 0
-28 384 0
-28 385 0
-28 -386 0
-31 381 0
-31 382 0
-31 383 0
-31 384 0
-31 385 0
-31 -386 0
-32 -381 0
-32 -382 0
-32 -383 0
-32 -384 0
-32 -385 0
-32 386 0
-36 -381 0
-36 -382 0
-36 383 0
-36 -384 0
-36 -385 0
-36 386 0
-37 381 0
-37 -382 0
-37 383 0
-37 -384 0
-37 -385 0
-37 386 0
-42 -381 0
-42 382 0
-42 -383 0
-42 384 0
-42 -385 0
-42 386 0
-45 381 0
-45 -382 0
-45 383 0
-45 384 0
-45 -385 0
-45 386 0
-47 381 0
-47 382 0
-47 383 0
-47 384 0
-47 -385 0
-47 386 0
-49 381 0
-49 -382 0
-49 -383 0
-49 -384 0
-49 385 0
-49 386 0
1 5 11 16 17 19 22 24 31 33 34 35 42 0
-1 387 0
-1 -388 0
-1 -389 0
-1 -390 0
-1 -391 0
-1 -392 0
-5 387 0
-5 -388 0
-5 389 0
-5 -390 0
-5 -391 0
-5 -392 0
-11 387 0
-11 388 0
-11 -389 0
-11 390 0
-11 -391 0
-11 -392 0
-16 -387 0
-16 -388 0
-16 -389 0
-16 -390 0
-16 391 0
-16 -392 0
-17 387 0
-17 -388 0
-17 -389 0
-17 -390 0
-17 391 0
-17 -392 0
-19 387 0
-19 388 0
-19 -389 0
-19 -390 0
-19 391 0
-19 -392 0
-22 -387 0
-22 388 0
-22 389 0
-22 -390 0
-22 391 0
-22 -392 0
-24 -387 0
-24 -388 0
-24 -389 0
-24 390 0
-24 391 0
-24 -392 0
-31 387 0
-31 388 0
-31 389 0
-31 390 0
-31 391 0
-31 -392 0
-33 387 0
-33 -388 0
-33 -389 0
-33 -390 0
-33 -391 0
-33 392 0
-34 -387 0
-34 388 0
-34 -389 0
-34 -390 0
-34 -391 0
-34 392 0
-35 387 0
-35 388 0
-35 -389 0
-35 -390 0
-35 -391 0
-35 392 0
-42 -387 0
-42 388 0
-42 -389 0
-42 390 0
-42 -391 0
-42 392 0
1 3 5 7 11 16 19 22 31 33 38 40 42 49 0
-1 393 0
-1 -394 0
-1 -395 0
-1 -396 0
-1 -397 0
-1 -398 0
-3 393 0
-3 394 0
-3 -395 0
-3 -396 0
-3 -397 0
-3 -398 0
-5 393 0
-5 -394 0
-5 395 0
-5 -396 0
-5 -397 0
-5 -398 0
-7 393 0
-7 394 0
-7 395 0
-7 -396 0
-7 -397 0
-7 -398 0
-11 393 0
-11 394 0
-11 -395 0
-11 396 0
-11 -397 0
-11 -398 0
-16 -393 0
-16 -394 0
-16 -395 0
-16 -396 0
-16 397 0
-16 -398 0
-19 393 0
-19 394 0
-19 -395 0
-19 -396 0
-19 397 0
-19 -398 0
-22 -393 0
-22 394 0
-22 395 0
-22 -396 0
-22 397 0
-22 -398 0
-31 393 0
-31 394 0
-31 395 0
-31 396 0
-31 397 0
-31 -398 0
-33 393 0
-33 -394 0
-33 -395 0
-33 -396 0
-33 -397 0
-33 398 0
-38 -393 0
-38 394 0
-38 395 0
-38 -396 0
-38 -397 0
-38 398 0
-40 -393 0
-40 -394 0
-40 -395 0
-40 396 0
-40 -397 0
-40 398 0
-42 -393 0
-42 394 0
-42 -395 0
-42 396 0
-42 -397 0
-42 398 0
-49 393 0
-49 -394 0
-49 -395 0
-49 -396 0
-49 397 0
-49 398 0
4 5 16 19 22 24 28 33 46 49 0
-4 -399 0
-4 -400 0
-4 401 0
-4 -402 0
-4 -403 0
-4 -404 0
-5 399 0
-5 -400 0
-5 401 0
-5 -402 0
-5 -403 0
-5 -404 0
-16 -399 0
-16 -400 0
-16 -401 0
-16 -402 0
-16 403 0
-16 -404 0
-19 399 0
-19 400 0
-19 -401 0
-19 -402 0
-19 403 0
-19 -404 0
-22 -399 0
-22 400 0
-22 401 0
-22 -402 0
-22 403 0
-22 -404 0
-24 -399 0
-24 -400 0
-24 -401 0
-24 402 0
-24 403 0
-24 -404 0
-28 -399 0
-28 -400 0
-28 401 0
-28 402 0
-28 403 0
-28 -404 0
-33 399 0
-33 -400 0
-33 -401 0
-33 -402 0
-33 -403 0
-33 404 0
-46 -399 0
-46 400 0
-46 401 0
-46 402 0
-46 -403 0
-46 404 0
-49 399 0
-49 -400 0
-49 -401 0
-49 -402 0
-49 403 0
-49 404 0
5 19 22 27 33 35 36 40 43 44 45 47 49 50 0
-5 405 0
-5 -406 0
-5 407 0
-5 -408 0
-5 -409 0
-5 -410 0
-19 405 0
-19 406 0
-19 -407 0
-19 -408 0
-19 409 0
-19 -410 0
-22 -405 0
-22 406 0
-22 407 0
-22 -408 0
-22 409 0
-22 -410 0
-27 405 0
-27 406 0
-27 -407 0
-27 408 0
-27 409 0
-27 -410 0
-33 405 0
-33 -406 0
-33 -407 0
-33 -408 0
-33 -409 0
-33 410 0
-35 405 0
-35 406 0
-35 -407 0
-35 -408 0
-35 -409 0
-35 410 0
-36 -405 0
-36 -406 0
-36 407 0
-36 -408 0
-36 -409 0
-36 410 0
-40 -405 0
-40 -406 0
-40 -407 0
-40 408 0
-40 -409 0
-40 410 0
-43 405 0
-43 406 0
-43 -407 0
-43 408 0
-43 -409 0
-43 410 0
-44 -405 0
-44 -406 0
-44 407 0
-44 408 0
-44 -409 0
-44 410 0
-45 405 0
-45 -406 0
-45 407 0
-45 408 0
-45 -409 0
-45 410 0
-47 405 0
-47 406 0
-47 407 0
-47 408 0
-47 -409 0
-47 410 0
-49 405 0
-49 -406 0
-49 -407 0
-49 -408 0
-49 409 0
-49 410 0
-50 -405 0
-50 406 0
-50 -407 0
-50 -408 0
-50 409 0
-50 410 0
1 5 16 24 27 28 30 31 42 45 49 50 0
-1 411 0
-1 -412 0
-1 -413 0
-1 -414 0
-1 -415 0
-1 -416 0
-5 411 0
-5 -412 0
-5 413 0
-5 -414 0
-5 -415 0
-5 -416 0
-16 -411 0
-16 -412 0
-16 -413 0
-16 -414 0
-16 415 0
-16 -416 0
-24 -411 0
-24 -412 0
-24 -413 0
-24 414 0
-24 415 0
-24 -416 0
-27 411 0
-27 412 0
-27 -413 0
-27 414 0
-27 415 0
-27 -416 0
-28 -411 0
-28 -412 0
-28 413 0
-28 414 0
-28 415 0
-28 -416 0
-30 -411 0
-30 412 0
-30 413 0
-30 414 0
-30 415 0
-30 -416 0
-31 411 0
-31 412 0
-31 413 0
-31 414 0
-31 415 0
-31 -416 0
-42 -411 0
-42 412 0
-42 -413 0
-42 414 0
-42 -415 0
-42 416 0
-45 411 0
-45 -412 0
-45 413 0
-45 414 0
-45 -415 0
-45 416 0
-49 411 0
-49 -412 0
-49 -413 0
-49 -414 0
-49 415 0
-49 416 0
-50 -411 0
-50 412 0
-50 -413 0
-50 -414 0
-50 415 0
-50 416 0
1 26 31 33 35 42 44 47 49 50 0
-1 417 0
-1 -418 0
-1 -419 0
-1 -420 0
-1 -421 0
-1 -422 0
-26 -417 0
-26 418 0
-26 -419 0
-26 420 0
-26 421 0
-26 -422 0
-31 417 0
-31 418 0
-31 419 0
-31 420 0
-31 421 0
-31 -422 0
-33 417 0
-33 -418 0
-33 -419 0
-33 -420 0
-33 -421 0
-33 422 0
-35 417 0
-35 418 0
-35 -419 0
-35 -420 0
-35 -421 0
-35 422 0
-42 -417 0
-42 418 0
-42 -419 0
-42 420 0
-42 -421 0
-42 422 0
-44 -417 0
-44 -418 0
-44 419 0
-44 420 0
-44 -421 0
-44 422 0
-47 417 0
-47 418 0
-47 419 0
-47 420 0
-47 -421 0
-47 422 0
-49 417 0
-49 -418 0
-49 -419 0
-49 -420 0
-49 421 0
-49 422 0
-50 -417 0
-50 418 0
-50 -419 0
-50 -420 0
-50 421 0
-50 422 0
3 4 5 7 16 24 29 31 32 44 49 50 0
-3 423 0
-3 424 0
-3 -425 0
-3 -426 0
-3 -427 0
-3 -428 0
-4 -423 0
-4 -424 0
-4 425 0
-4 -426 0
-4 -427 0
-4 -428 0
-5 423 0
-5 -424 0
-5 425 0
-5 -426 0
-5 -427 0
-5 -428 0
-7 423 0
-7 424 0
-7 425 0
-7 -426 0
-7 -427 0
-7 -428 0
-16 -423 0
-16 -424 0
-16 -425 0
-16 -426 0
-16 427 0
-16 -428 0
-24 -423 0
-24 -424 0
-24 -425 0
-24 426 0
-24 427 0
-24 -428 0
-29 423 0
-29 -424 0
-29 425 0
-29 426 0
-29 427 0
-29 -428 0
-31 423 0
-31 424 0
-31 425 0
-31 426 0
-31 427 0
-31 -428 0
-32 -423 0
-32 -424 0
-32 -425 0
-32 -426 0
-32 -427 0
-32 428 0
-44 -423 0
-44 -424 0
-44 425 0
-44 426 0
-44 -427 0
-44 428 0
-49 423 0
-49 -424 0
-49 -425 0
-49 -426 0
-49 427 0
-49 428 0
-50 -423 0
-50 424 0
-50 -425 0
-50 -426 0
-50 427 0
-50 428 0
3 4 6 19 32 35 44 45 47 0
-3 429 0
-3 430 0
-3 -431 0
-3 -432 0
-3 -433 0
-3 -434 0
-4 -429 0
-4 -430 0
-4 431 0
-4 -432 0
-4 -433 0
-4 -434 0
-6 -429 0
-6 430 0
-6 431 0
-6 -432 0
-6 -433 0
-6 -434 0
-19 429 0
-19 430 0
-19 -431 0
-19 -432 0
-19 433 0
-19 -434 0
-32 -429 0
-32 -430 0
-32 -431 0
-32 -432 0
-32 -433 0
-32 434 0
-35 429 0
-35 430 0
-35 -431 0
-35 -432 0
-35 -433 0
-35 434 0
-44 -429 0
-44 -430 0
-44 431 0
-44 432 0
-44 -433 0
-44 434 0
-45 429 0
-45 -430 0
-45 431 0
-45 432 0
-45 -433 0
-45 434 0
-47 429 0
-47 430 0
-47 431 0
-47 432 0
-47 -433 0
-47 434 0
1 5 13 17 19 24 40 47 50 0
-1 435 0
-1 -436 0
-1 -437 0
-1 -438 0
-1 -439 0
-1 -440 0
-5 435 0
-5 -436 0
-5 437 0
-5 -438 0
-5 -439 0
-5 -440 0
-13 435 0
-13 -436 0
-13 437 0
-13 438 0
-13 -439 0
-13 -440 0
-17 435 0
-17 -436 0
-17 -437 0
-17 -438 0
-17 439 0
-17 -440 0
-19 435 0
-19 436 0
-19 -437 0
-19 -438 0
-19 439 0
-19 -440 0
-24 -435 0
-24 -436 0
-24 -437 0
-24 438 0
-24 439 0
-24 -440 0
-40 -435 0
-40 -436 0
-40 -437 0
-40 438 0
-40 -439 0
-40 440 0
-47 435 0
-47 436 0
-47 437 0
-47 438 0
-47 -439 0
-47 440 0
-50 -435 0
-50 436 0
-50 -437 0
-50 -438 0
-50 439 0
-50 440 0
1 2 5 7 19 31 42 44 47 49 50 0
-1 441 0
-1 -442 0
-1 -443 0
-1 -444 0
-1 -445 0
-1 -446 0
-2 -441 0
-2 442 0
-2 -443 0
-2 -444 0
-2 -445 0
-2 -446 0
-5 441 0
-5 -442 0
-5 443 0
-5 -444 0
-5 -445 0
-5 -446 0
-7 441 0
-7 442 0
-7 443 0
-7 -444 0
-7 -445 0
-7 -446 0
-19 441 0
-19 442 0
-19 -443 0
-19 -444 0
-19 445 0
-19 -446 0
-31 441 0
-31 442 0
-31 443 0
-31 444 0
-31 445 0
-31 -446 0
-42 -441 0
-42 442 0
-42 -443 0
-42 444 0
-42 -445 0
-42 446 0
-44 -441 0
-44 -442 0
-44 443 0
-44 444 0
-44 -445 0
-44 446 0
-47 441 0
-47 442 0
-47 443 0
-47 444 0
-47 -445 0
-47 446 0
-49 441 0
-49 -442 0
-49 -443 0
-49 -444 0
-49 445 0
-49 446 0
-50 -441 0
-50 442 0
-50 -443 0
-50 -444 0
-50 445 0
-50 446 0
1 5 13 24 31 33 35 36 37 41 42 47 49 0
-1 447 0
-1 -448 0
-1 -449 0
-1 -450 0
-1 -451 0
-1 -452 0
-5 447 0
-5 -448 0
-5 449 0
-5 -450 0
-5 -451 0
-5 -452 0
-13 447 0
-13 -448 0
-13 449 0
-13 450 0
-13 -451 0
-13 -452 0
-24 -447 0
-24 -448 0
-24 -449 0
-24 450 0
-24 451 0
-24 -452 0
-31 447 0
-31 448 0
-31 449 0
-31 450 0
-31 451 0
-31 -452 0
-33 447 0
-33 -448 0
-33 -449 0
-33 -450 0
-33 -451 0
-33 452 0
-35 447 0
-35 448 0
-35 -449 0
-35 -450 0
-35 -451 0
-35 452 0
-36 -447 0
-36 -448 0
-36 449 0
-36 -450 0
-36 -451 0
-36 452 0
-37 447 0
-37 -448 0
-37 449 0
-37 -450 0
-37 -451 0
-37 452 0
-41 447 0
-41 -448 0
-41 -449 0
-41 450 0
-41 -451 0
-41 452 0
-42 -447 0
-42 448 0
-42 -449 0
-42 450 0
-42 -451 0
-42 452 0
-47 447 0
-47 448 0
-47 449 0
-47 450 0
-47 -451 0
-47 452 0
-49 447 0
-49 -448 0
-49 -449 0
-49 -450 0
-49 451 0
-49 452 0
15 16 19 22 24 27 31 35 36 42 44 47 49 50 0
-15 453 0
-15 454 0
-15 455 0
-15 456 0
-15 -457 0
-15 -458 0
-16 -453 0
-16 -454 0
-16 -455 0
-16 -456 0
-16 457 0
-16 -458 0
-19 453 0
-19 454 0
-19 -455 0
-19 -456 0
-19 457 0
-19 -458 0
-22 -453 0
-22 454 0
-22 455 0
-22 -456 0
-22 457 0
-22 -458 0
-24 -453 0
-24 -454 0
-24 -455 0
-24 456 0
-24 457 0
-24 -458 0
-27 453 0
-27 454 0
-27 -455 0
-27 456 0
-27 457 0
-27 -458 0
-31 453 0
-31 454 0
-31 455 0
-31 456 0
-31 457 0
-31 -458 0
-35 453 0
-35 454 0
-35 -455 0
-35 -456 0
-35 -457 0
-35 458 0
-36 -453 0
-36 -454 0
-36 455 0
-36 -456 0
-36 -457 0
-36 458 0
-42 -453 0
-42 454 0
-42 -455 0
-42 456 0
-42 -457 0
-42 458 0
-44 -453 0
-44 -454 0
-44 455 0
-44 456 0
-44 -457 0
-44 458 0
-47 453 0
-47 454 0
-47 455 0
-47 456 0
-47 -457 0
-47 458 0
-49 453 0
-49 -454 0
-49 -455 0
-49 -456 0
-49 457 0
-49 458 0
-50 -453 0
-50 454 0
-50 -455 0
-50 -456 0
-50 457 0
-50 458 0
1 4 5 10 16 22 27 28 33 44 46 47 50 0
-1 459 0
-1 -460 0
-1 -461 0
-1 -462 0
-1 -463 0
-1 -464 0
-4 -459 0
-4 -460 0
-4 461 0
-4 -462 0
-4 -463 0
-4 -464 0
-5 459 0
-5 -460 0
-5 461 0
-5 -462 0
-5 -463 0
-5 -464 0
-10 -459 0
-10 460 0
-10 -461 0
-10 462 0
-10 -463 0
-10 -464 0
-16 -459 0
-16 -460 0
-16 -461 0
-16 -462 0
-16 463 0
-16 -464 0
-22 -459 0
-22 460 0
-22 461 0
-22 -462 0
-22 463 0
-22 -464 0
-27 459 0
-27 460 0
-27 -461 0
-27 462 0
-27 463 0
-27 -464 0
-28 -459 0
-28 -460 0
-28 461 0
-28 462 0
-28 463 0
-28 -464 0
-33 459 0
-33 -460 0
-33 -461 0
-33 -462 0
-33 -463 0
-33 464 0
-44 -459 0
-44 -460 0
-44 461 0
-44 462 0
-44 -463 0
-44 464 0
-46 -459 0
-46 460 0
-46 461 0
-46 462 0
-46 -463 0
-46 464 0
-47 459 0
-47 460 0
-47 461 0
-47 462 0
-47 -463 0
-47 464 0
-50 -459 0
-50 460 0
-50 -461 0
-50 -462 0
-50 463 0
-50 464 0
1 5 24 33 36 41 43 45 49 50 0
-1 465 0
-1 -466 0
-1 -467 0
-1 -468 0
-1 -469 0
-1 -470 0
-5 465 0
-5 -466 0
-5 467 0
-5 -468 0
-5 -469 0
-5 -470 0
-24 -465 0
-24 -466 0
-24 -467 0
-24 468 0
-24 469 0
-24 -470 0
-33 465 0
-33 -466 0
-33 -467 0
-33 -468 0
-33 -469 0
-33 470 0
-36 -465 0
-36 -466 0
-36 467 0
-36 -468 0
-36 -469 0
-36 470 0
-41 465 0
-41 -466 0
-41 -467 0
-41 468 0
-41 -469 0
-41 470 0
-43 465 0
-43 466 0
-43 -467 0
-43 468 0
-43 -469 0
-43 470 0
-45 465 0
-45 -466 0
-45 467 0
-45 468 0
-45 -469 0
-45 470 0
-49 465 0
-49 -466 0
-49 -467 0
-49 -468 0
-49 469 0
-49 470 0
-50 -465 0
-50 466 0
-50 -467 0
-50 -468 0
-50 469 0
-50 470 0
5 11 13 19 27 28 32 33 35 37 45 47 49 0
-5 471 0
-5 -472 0
-5 473 0
-5 -474 0
-5 -475 0
-5 -476 0
-11 471 0
-11 472 0
-11 -473 0
-11 474 0
-11 -475 0
-11 -476 0
-13 471 0
-13 -472 0
-13 473 0
-13 474 0
-13 -475 0
-13 -476 0
-19 471 0
-19 472 0
-19 -473 0
-19 -474 0
-19 475 0
-19 -476 0
-27 471 0
-27 472 0
-27 -473 0
-27 474 0
-27 475 0
-27 -476 0
-28 -471 0
-28 -472 0
-28 473 0
-28 474 0
-28 475 0
-28 -476 0
-32 -471 0
-32 -472 0
-32 -473 0
-32 -474 0
-32 -475 0
-32 476 0
-33 471 0
-33 -472 0
-33 -473 0
-33 -474 0
-33 -475 0
-33 476 0
-35 471 0
-35 472 0
-35 -473 0
-35 -474 0
-35 -475 0
-35 476 0
-37 471 0
-37 -472 0
-37 473 0
-37 -474 0
-37 -475 0
-37 476 0
-45 471 0
-45 -472 0
-45 473 0
-45 474 0
-45 -475 0
-45 476 0
-47 471 0
-47 472 0
-47 473 0
-47 474 0
-47 -475 0
-47 476 0
-49 471 0
-49 -472 0
-49 -473 0
-49 -474 0
-49 475 0
-49 476 0
2 7 17 22 33 41 47 49 0
-2 -477 0
-2 478 0
-2 -479 0
-2 -480 0
-2 -481 0
-2 -482 0
-7 477 0
-7 478 0
-7 479 0
-7 -480 0
-7 -481 0
-7 -482 0
-17 477 0
-17 -478 0
-17 -479 0
-17 -480 0
-17 481 0
-17 -482 0
-22 -477 0
-22 478 0
-22 479 0
-22 -480 0
-22 481 0
-22 -482 0
-33 477 0
-33 -478 0
-33 -479 0
-33 -480 0
-33 -481 0
-33 482 0
-41 477 0
-41 -478 0
-41 -479 0
-41 480 0
-41 -481 0
-41 482 0
-47 477 0
-47 478 0
-47 479 0
-47 480 0
-47 -481 0
-47 482 0
-49 477 0
-49 -478 0
-49 -479 0
-49 -480 0
-49 481 0
-49 482 0
1 3 16 19 24 31 32 33 35 40 44 45 47 48 49 0
-1 483 0
-1 -484 0
-1 -485 0
-1 -486 0
-1 -487 0
-1 -488 0
-3 483 0
-3 484 0
-3 -485 0
-3 -486 0
-3 -487 0
-3 -488 0
-16 -483 0
-16 -484 0
-16 -485 0
-16 -486 0
-16 487 0
-16 -488 0
-19 483 0
-19 484 0
-19 -485 0
-19 -486 0
-19 487 0
-19 -488 0
-24 -483 0
-24 -484 0
-24 -485 0
-24 486 0
-24 487 0
-24 -488 0
-31 483 0
-31 484 0
-31 485 0
-31 486 0
-31 487 0
-31 -488 0
-32 -483 0
-32 -484 0
-32 -485 0
-32 -486 0
-32 -487 0
-32 488 0
-33 483 0
-33 -484 0
-33 -485 0
-33 -486 0
-33 -487 0
-33 488 0
-35 483 0
-35 484 0
-35 -485 0
-35 -486 0
-35 -487 0
-35 488 0
-40 -483 0
-40 -484 0
-40 -485 0
-40 486 0
-40 -487 0
-40 488 0
-44 -483 0
-44 -484 0
-44 485 0
-44 486 0
-44 -487 0
-44 488 0
-45 483 0
-45 -484 0
-45 485 0
-45 486 0
-45 -487 0
-45 488 0
-47 483 0
-47 484 0
-47 485 0
-47 486 0
-47 -487 0
-47 488 0
-48 -483 0
-48 -484 0
-48 -485 0
-48 -486 0
-48 487 0
-48 488 0
-49 483 0
-49 -484 0
-49 -485 0
-49 -486 0
-49 487 0
-49 488 0
1 5 16 17 21 22 31 32 33 35 42 45 49 50 0
-1 489 0
-1 -490 0
-1 -491 0
-1 -492 0
-1 -493 0
-1 -494 0
-5 489 0
-5 -490 0
-5 491 0
-5 -492 0
-5 -493 0
-5 -494 0
-16 -489 0
-16 -490 0
-16 -491 0
-16 -492 0
-16 493 0
-16 -494 0
-17 489 0
-17 -490 0
-17 -491 0
-17 -492 0
-17 493 0
-17 -494 0
-21 489 0
-21 -490 0
-21 491 0
-21 -492 0
-21 493 0
-21 -494 0
-22 -489 0
-22 490 0
-22 491 0
-22 -492 0
-22 493 0
-22 -494 0
-31 489 0
-31 490 0
-31 491 0
-31 492 0
-31 493 0
-31 -494 0
-32 -489 0
-32 -490 0
-32 -491 0
-32 -492 0
-32 -493 0
-32 494 0
-33 489 0
-33 -490 0
-33 -491 0
-33 -492 0
-33 -493 0
-33 494 0
-35 489 0
-35 490 0
-35 -491 0
-35 -492 0
-35 -493 0
-35 494 0
-42 -489 0
-42 490 0
-42 -491 0
-42 492 0
-42 -493 0
-42 494 0
-45 489 0
-45 -490 0
-45 491 0
-45 492 0
-45 -493 0
-45 494 0
-49 489 0
-49 -490 0
-49 -491 0
-49 -492 0
-49 493 0
-49 494 0
-50 -489 0
-50 490 0
-50 -491 0
-50 -492 0
-50 493 0
-50 494 0
1 5 27 30 31 42 45 0
-1 495 0
-1 -496 0
-1 -497 0
-1 -498 0
-1 -499 0
-1 -500 0
-5 495 0
-5 -496 0
-5 497 0
-5 -498 0
-5 -499 0
-5 -500 0
-27 495 0
-27 496 0
-27 -497 0
-27 498 0
-27 499 0
-27 -500 0
-30 -495 0
-30 496 0
-30 497 0
-30 498 0
-30 499 0
-30 -500 0
-31 495 0
-31 496 0
-31 497 0
-31 498 0
-31 499 0
-31 -500 0
-42 -495 0
-42 496 0
-42 -497 0
-42 498 0
-42 -499 0
-42 500 0
-45 495 0
-45 -496 0
-45 497 0
-45 498 0
-45 -499 0
-45 500 0
1 3 4 7 16 19 23 24 32 33 35 37 38 44 45 47 0
-1 501 0
-1 -502 0
-1 -503 0
-1 -504 0
-1 -505 0
-1 -506 0
-3 501 0
-3 502 0
-3 -503 0
-3 -504 0
-3 -505 0
-3 -506 0
-4 -501 0
-4 -502 0
-4 503 0
-4 -504 0
-4 -505 0
-4 -506 0
-7 501 0
-7 502 0
-7 503 0
-7 -504 0
-7 -505 0
-7 -506 0
-16 -501 0
-16 -502 0
-16 -503 0
-16 -504 0
-16 505 0
-16 -506 0
-19 501 0
-19 502 0
-19 -503 0
-19 -504 0
-19 505 0
-19 -506 0
-23 501 0
-23 502 0
-23 503 0
-23 -504 0
-23 505 0
-23 -506 0
-24 -501 0
-24 -502 0
-24 -503 0
-24 504 0
-24 505 0
-24 -506 0
-32 -501 0
-32 -502 0
-32 -503 0
-32 -504 0
-32 -505 0
-32 506 0
-33 501 0
-33 -502 0
-33 -503 0
-33 -504 0
-33 -505 0
-33 506 0
-35 501 0
-35 502 0
-35 -503 0
-35 -504 0
-35 -505 0
-35 506 0
-37 501 0
-37 -502 0
-37 503 0
-37 -504 0
-37 -505 0
-37 506 0
-38 -501 0
-38 502 0
-38 503 0
-38 -504 0
-38 -505 0
-38 506 0
-44 -501 0
-44 -502 0
-44 503 0
-44 504 0
-44 -505 0
-44 506 0
-45 501 0
-45 -502 0
-45 503 0
-45 504 0
-45 -505 0
-45 506 0
-47 501 0
-47 502 0
-47 503 0
-47 504 0
-47 -505 0
-47 506 0
1 4 5 7 15 16 19 23 24 27 33 42 45 49 50 0
-1 507 0
-1 -508 0
-1 -509 0
-1 -510 0
-1 -511 0
-1 -512 0
-4 -507 0
-4 -508 0
-4 509 0
-4 -510 0
-4 -511 0
-4 -512 0
-5 507 0
-5 -508 0
-5 509 0
-5 -510 0
-5 -511 0
-5 -512 0
-7 507 0
-7 508 0
-7 509 0
-7 -510 0
-7 -511 0
-7 -512 0
-15 507 0
-15 508 0
-15 509 0
-15 510 0
-15 -511 0
-15 -512 0
-16 -507 0
-16 -508 0
-16 -509 0
-16 -510 0
-16 511 0
-16 -512 0
-19 507 0
-19 508 0
-19 -509 0
-19 -510 0
-19 511 0
-19 -512 0
-23 507 0
-23 508 0
-23 509 0
-23 -510 0
-23 511 0
-23 -512 0
-24 -507 0
-24 -508 0
-24 -509 0
-24 510 0
-24 511 0
-24 -512 0
-27 507 0
-27 508 0
-27 -509 0
-27 510 0
-27 511 0
-27 -512 0
-33 507 0
-33 -508 0
-33 -509 0
-33 -510 0
-33 -511 0
-33 512 0
-42 -507 0
-42 508 0
-42 -509 0
-42 510 0
-42 -511 0
-42 512 0
-45 507 0
-45 -508 0
-45 509 0
-45 510 0
-45 -511 0
-45 512 0
-49 507 0
-49 -508 0
-49 -509 0
-49 -510 0
-49 511 0
-49 512 0
-50 -507 0
-50 508 0
-50 -509 0
-50 -510 0
-50 511 0
-50 512 0
5 7 12 17 19 24 35 36 37 41 45 47 50 0
-5 513 0
-5 -514 0
-5 515 0
-5 -516 0
-5 -517 0
-5 -518 0
-7 513 0
-7 514 0
-7 515 0
-7 -516 0
-7 -517 0
-7 -518 0
-12 -513 0
-12 -514 0
-12 515 0
-12 516 0
-12 -517 0
-12 -518 0
-17 513 0
-17 -514 0
-17 -515 0
-17 -516 0
-17 517 0
-17 -518 0
-19 513 0
-19 514 0
-19 -515 0
-19 -516 0
-19 517 0
-19 -518 0
-24 -513 0
-24 -514 0
-24 -515 0
-24 516 0
-24 517 0
-24 -518 0
-35 513 0
-35 514 0
-35 -515 0
-35 -516 0
-35 -517 0
-35 518 0
-36 -513 0
-36 -514 0
-36 515 0
-36 -516 0
-36 -517 0
-36 518 0
-37 513 0
-37 -514 0
-37 515 0
-37 -516 0
-37 -517 0
-37 518 0
-41 513 0
-41 -514 0
-41 -515 0
-41 516 0
-41 -517 0
-41 518 0
-45 513 0
-45 -514 0
-45 515 0
-45 516 0
-45 -517 0
-45 518 0
-47 513 0
-47 514 0
-47 515 0
-47 516 0
-47 -517 0
-47 518 0
-50 -513 0
-50 514 0
-50 -515 0
-50 -516 0
-50 517 0
-50 518 0
5 16 17 19 22 24 26 36 42 44 45 47 49 0
-5 519 0
-5 -520 0
-5 521 0
-5 -522 0
-5 -523 0
-5 -524 0
-16 -519 0
-16 -520 0
-16 -521 0
-16 -522 0
-16 523 0
-16 -524 0
-17 519 0
-17 -520 0
-17 -521 0
-17 -522 0
-17 523 0
-17 -524 0
-19 519 0
-19 520 0
-19 -521 0
-19 -522 0
-19 523 0
-19 -524 0
-22 -519 0
-22 520 0
-22 521 0
-22 -522 0
-22 523 0
-22 -524 0
-24 -519 0
-24 -520 0
-24 -521 0
-24 522 0
-24 523 0
-24 -524 0
-26 -519 0
-26 520 0
-26 -521 0
-26 522 0
-26 523 0
-26 -524 0
-36 -519 0
-36 -520 0
-36 521 0
-36 -522 0
-36 -523 0
-36 524 0
-42 -519 0
-42 520 0
-42 -521 0
-42 522 0
-42 -523 0
-42 524 0
-44 -519 0
-44 -520 0
-44 521 0
-44 522 0
-44 -523 0
-44 524 0
-45 519 0
-45 -520 0
-45 521 0
-45 522 0
-45 -523 0
-45 524 0
-47 519 0
-47 520 0
-47 521 0
-47 522 0
-47 -523 0
-47 524 0
-49 519 0
-49 -520 0
-49 -521 0
-49 -522 0
-49 523 0
-49 524 0
1 4 5 6 10 16 22 24 27 31 35 40 42 44 49 0
-1 525 0
-1 -526 0
-1 -527 0
-1 -528 0
-1 -529 0
-1 -530 0
-4 -525 0
-4 -526 0
-4 527 0
-4 -528 0
-4 -529 0
-4 -530 0
-5 525 0
-5 -526 0
-5 527 0
-5 -528 0
-5 -529 0
-5 -530 0
-6 -525 0
-6 526 0
-6 527 0
-6 -528 0
-6 -529 0
-6 -530 0
-10 -525 0
-10 526 0
-10 -527 0
-10 528 0
-10 -529 0
-10 -530 0
-16 -525 0
-16 -526 0
-16 -527 0
-16 -528 0
-16 529 0
-16 -530 0
-22 -525 0
-22 526 0
-22 527 0
-22 -528 0
-22 529 0
-22 -530 0
-24 -525 0
-24 -526 0
-24 -527 0
-24 528 0
-24 529 0
-24 -530 0
-27 525 0
-27 526 0
-27 -527 0
-27 528 0
-27 529 0
-27 -530 0
-31 525 0
-31 526 0
-31 527 0
-31 528 0
-31 529 0
-31 -530 0
-35 525 0
-35 526 0
-35 -527 0
-35 -528 0
-35 -529 0
-35 530 0
-40 -525 0
-40 -526 0
-40 -527 0
-40 528 0
-40 -529 0
-40 530 0
-42 -525 0
-42 526 0
-42 -527 0
-42 528 0
-42 -529 0
-42 530 0
-44 -525 0
-44 -526 0
-44 527 0
-44 528 0
-44 -529 0
-44 530 0
-49 525 0
-49 -526 0
-49 -527 0
-49 -528 0
-49 529 0
-49 530 0
12 16 19 23 31 33 35 42 44 45 47 49 0
-12 -531 0
-12 -532 0
-12 533 0
-12 534 0
-12 -535 0
-12 -536 0
-16 -531 0
-16 -532 0
-16 -533 0
-16 -534 0
-16 535 0
-16 -536 0
-19 531 0
-19 532 0
-19 -533 0
-19 -534 0
-19 535 0
-19 -536 0
-23 531 0
-23 532 0
-23 533 0
-23 -534 0
-23 535 0
-23 -536 0
-31 531 0
-31 532 0
-31 533 0
-31 534 0
-31 535 0
-31 -536 0
-33 531 0
-33 -532 0
-33 -533 0
-33 -534 0
-33 -535 0
-33 536 0
-35 531 0
-35 532 0
-35 -533 0
-35 -534 0
-35 -535 0
-35 536 0
-42 -531 0
-42 532 0
-42 -533 0
-42 534 0
-42 -535 0
-42 536 0
-44 -531 0
-44 -532 0
-44 533 0
-44 534 0
-44 -535 0
-44 536 0
-45 531 0
-45 -532 0
-45 533 0
-45 534 0
-45 -535 0
-45 536 0
-47 531 0
-47 532 0
-47 533 0
-47 534 0
-47 -535 0
-47 536 0
-49 531 0
-49 -532 0
-49 -533 0
-49 -534 0
-49 535 0
-49 536 0
4 5 7 15 24 31 32 35 40 47 49 50 0
-4 -537 0
-4 -538 0
-4 539 0
-4 -540 0
-4 -541 0
-4 -542 0
-5 537 0
-5 -538 0
-5 539 0
-5 -540 0
-5 -541 0
-5 -542 0
-7 537 0
-7 538 0
-7 539 0
-7 -540 0
-7 -541 0
-7 -542 0
-15 537 0
-15 538 0
-15 539 0
-15 540 0
-15 -541 0
-15 -542 0
-24 -537 0
-24 -538 0
-24 -539 0
-24 540 0
-24 541 0
-24 -542 0
-31 537 0
-31 538 0
-31 539 0
-31 540 0
-31 541 0
-31 -542 0
-32 -537 0
-32 -538 0
-32 -539 0
-32 -540 0
-32 -541 0
-32 542 0
-35 537 0
-35 538 0
-35 -539 0
-35 -540 0
-35 -541 0
-35 542 0
-40 -537 0
-40 -538 0
-40 -539 0
-40 540 0
-40 -541 0
-40 542 0
-47 537 0
-47 538 0
-47 539 0
-47 540 0
-47 -541 0
-47 542 0
-49 537 0
-49 -538 0
-49 -539 0
-49 -540 0
-49 541 0
-49 542 0
-50 -537 0
-50 538 0
-50 -539 0
-50 -540 0
-50 541 0
-50 542 0
1 4 5 10 11 24 26 31 32 33 36 41 42 45 47 50 0
-1 543 0
-1 -544 0
-1 -545 0
-1 -546 0
-1 -547 0
-1 -548 0
-4 -543 0
-4 -544 0
-4 545 0
-4 -546 0
-4 -547 0
-4 -548 0
-5 543 0
-5 -544 0
-5 545 0
-5 -546 0
-5 -547 0
-5 -548 0
-10 -543 0
-10 544 0
-10 -545 0
-10 546 0
-10 -547 0
-10 -548 0
-11 543 0
-11 544 0
-11 -545 0
-11 546 0
-11 -547 0
-11 -548 0
-24 -543 0
-24 -544 0
-24 -545 0
-24 546 0
-24 547 0
-24 -548 0
-26 -543 0
-26 544 0
-26 -545 0
-26 546 0
-26 547 0
-26 -548 0
-31 543 0
-31 544 0
-31 545 0
-31 546 0
-31 547 0
-31 -548 0
-32 -543 0
-32 -544 0
-32 -545 0
-32 -546 0
-32 -547 0
-32 548 0
-33 543 0
-33 -544 0
-33 -545 0
-33 -546 0
-33 -547 0
-33 548 0
-36 -543 0
-36 -544 0
-36 545 0
-36 -546 0
-36 -547 0
-36 548 0
-41 543 0
-41 -544 0
-41 -545 0
-41 546 0
-41 -547 0
-41 548 0
-42 -543 0
-42 544 0
-42 -545 0
-42 546 0
-42 -547 0
-42 548 0
-45 543 0
-45 -544 0
-45 545 0
-45 546 0
-45 -547 0
-45 548 0
-47 543 0
-47 544 0
-47 545 0
-47 546 0
-47 -547 0
-47 548 0
-50 -543 0
-50 544 0
-50 -545 0
-50 -546 0
-50 547 0
-50 548 0
4 5 11 17 19 22 24 27 38 44 47 0
-4 -549 0
-4 -550 0
-4 551 0
-4 -552 0
-4 -553 0
-4 -554 0
-5 549 0
-5 -550 0
-5 551 0
-5 -552 0
-5 -553 0
-5 -554 0
-11 549 0
-11 550 0
-11 -551 0
-11 552 0
-11 -553 0
-11 -554 0
-17 549 0
-17 -550 0
-17 -551 0
-17 -552 0
-17 553 0
-17 -554 0
-19 549 0
-19 550 0
-19 -551 0
-19 -552 0
-19 553 0
-19 -554 0
-22 -549 0
-22 550 0
-22 551 0
-22 -552 0
-22 553 0
-22 -554 0
-24 -549 0
-24 -550 0
-24 -551 0
-24 552 0
-24 553 0
-24 -554 0
-27 549 0
-27 550 0
-27 -551 0
-27 552 0
-27 553 0
-27 -554 0
-38 -549 0
-38 550 0
-38 551 0
-38 -552 0
-38 -553 0
-38 554 0
-44 -549 0
-44 -550 0
-44 551 0
-44 552 0
-44 -553 0
-44 554 0
-47 549 0
-47 550 0
-47 551 0
-47 552 0
-47 -553 0
-47 554 0
1 5 7 16 17 19 23 24 26 31 44 47 49 0
-1 555 0
-1 -556 0
-1 -557 0
-1 -558 0
-1 -559 0
-1 -560 0
-5 555 0
-5 -556 0
-5 557 0
-5 -558 0
-5 -559 0
-5 -560 0
-7 555 0
-7 556 0
-7 557 0
-7 -558 0
-7 -559 0
-7 -560 0
-16 -555 0
-16 -556 0
-16 -557 0
-16 -558 0
-16 559 0
-16 -560 0
-17 555 0
-17 -556 0
-17 -557 0
-17 -558 0
-17 559 0
-17 -560 0
-19 555 0
-19 556 0
-19 -557 0
-19 -558 0
-19 559 0
-19 -560 0
-23 555 0
-23 556 0
-23 557 0
-23 -558 0
-23 559 0
-23 -560 0
-24 -555 0
-24 -556 0
-24 -557 0
-24 558 0
-24 559 0
-24 -560 0
-26 -555 0
-26 556 0
-26 -557 0
-26 558 0
-26 559 0
-26 -560 0
-31 555 0
-31 556 0
-31 557 0
-31 558 0
-31 559 0
-31 -560 0
-44 -555 0
-44 -556 0
-44 557 0
-44 558 0
-44 -559 0
-44 560 0
-47 555 0
-47 556 0
-47 557 0
-47 558 0
-47 -559 0
-47 560 0
-49 555 0
-49 -556 0
-49 -557 0
-49 -558 0
-49 559 0
-49 560 0
3 7 16 17 19 22 31 33 35 36 41 42 44 46 49 50 0
-3 561 0
-3 562 0
-3 -563 0
-3 -564 0
-3 -565 0
-3 -566 0
-7 561 0
-7 562 0
-7 563 0
-7 -564 0
-7 -565 0
-7 -566 0
-16 -561 0
-16 -562 0
-16 -563 0
-16 -564 0
-16 565 0
-16 -566 0
-17 561 0
-17 -562 0
-17 -563 0
-17 -564 0
-17 565 0
-17 -566 0
-19 561 0
-19 562 0
-19 -563 0
-19 -564 0
-19 565 0
-19 -566 0
-22 -561 0
-22 562 0
-22 563 0
-22 -564 0
-22 565 0
-22 -566 0
-31 561 0
-31 562 0
-31 563 0
-31 564 0
-31 565 0
-31 -566 0
-33 561 0
-33 -562 0
-33 -563 0
-33 -564 0
-33 -565 0
-33 566 0
-35 561 0
-35 562 0
-35 -563 0
-35 -564 0
-35 -565 0
-35 566 0
-36 -561 0
-36 -562 0
-36 563 0
-36 -564 0
-36 -565 0
-36 566 0
-41 561 0
-41 -562 0
-41 -563 0
-41 564 0
-41 -565 0
-41 566 0
-42 -561 0
-42 562 0
-42 -563 0
-42 564 0
-42 -565 0
-42 566 0
-44 -561 0
-44 -562 0
-44 563 0
-44 564 0
-44 -565 0
-44 566 0
-46 -561 0
-46 562 0
-46 563 0
-46 564 0
-46 -565 0
-46 566 0
-49 561 0
-49 -562 0
-49 -563 0
-49 -564 0
-49 565 0
-49 566 0
-50 -561 0
-50 562 0
-50 -563 0
-50 -564 0
-50 565 0
-50 566 0
4 5 7 11 16 17 19 24 27 31 35 36 37 42 43 45 47 49 50 0
-4 -567 0
-4 -568 0
-4 569 0
-4 -570 0
-4 -571 0
-4 -572 0
-5 567 0
-5 -568 0
-5 569 0
-5 -570 0
-5 -571 0
-5 -572 0
-7 567 0
-7 568 0
-7 569 0
-7 -570 0
-7 -571 0
-7 -572 0
-11 567 0
-11 568 0
-11 -569 0
-11 570 0
-11 -571 0
-11 -572 0
-16 -567 0
-16 -568 0
-16 -569 0
-16 -570 0
-16 571 0
-16 -572 0
-17 567 0
-17 -568 0
-17 -569 0
-17 -570 0
-17 571 0
-17 -572 0
-19 567 0
-19 568 0
-19 -569 0
-19 -570 0
-19 571 0
-19 -572 0
-24 -567 0
-24 -568 0
-24 -569 0
-24 570 0
-24 571 0
-24 -572 0
-27 567 0
-27 568 0
-27 -569 0
-27 570 0
-27 571 0
-27 -572 0
-31 567 0
-31 568 0
-31 569 0
-31 570 0
-31 571 0
-31 -572 0
-35 567 0
-35 568 0
-35 -569 0
-35 -570 0
-35 -571 0
-35 572 0
-36 -567 0
-36 -568 0
-36 569 0
-36 -570 0
-36 -571 0
-36 572 0
-37 567 0
-37 -568 0
-37 569 0
-37 -570 0
-37 -571 0
-37 572 0
-42 -567 0
-42 568 0
-42 -569 0
-42 570 0
-42 -571 0
-42 572 0
-43 567 0
-43 568 0
-43 -569 0
-43 570 0
-43 -571 0
-43 572 0
-45 567 0
-45 -568 0
-45 569 0
-45 570 0
-45 -571 0
-45 572 0
-47 567 0
-47 568 0
-47 569 0
-47 570 0
-47 -571 0
-47 572 0
-49 567 0
-49 -568 0
-49 -569 0
-49 -570 0
-49 571 0
-49 572 0
-50 -567 0
-50 568 0
-50 -569 0
-50 -570 0
-50 571 0
-50 572 0
1 4 5 16 19 24 29 31 33 45 49 0
-1 573 0
-1 -574 0
-1 -575 0
-1 -576 0
-1 -577 0
-1 -578 0
-4 -573 0
-4 -574 0
-4 575 0
-4 -576 0
-4 -577 0
-4 -578 0
-5 573 0
-5 -574 0
-5 575 0
-5 -576 0
-5 -577 0
-5 -578 0
-16 -573 0
-16 -574 0
-16 -575 0
-16 -576 0
-16 577 0
-16 -578 0
-19 573 0
-19 574 0
-19 -575 0
-19 -576 0
-19 577 0
-19 -578 0
-24 -573 0
-24 -574 0
-24 -575 0
-24 576 0
-24 577 0
-24 -578 0
-29 573 0
-29 -574 0
-29 575 0
-29 576 0
-29 577 0
-29 -578 0
-31 573 0
-31 574 0
-31 575 0
-31 576 0
-31 577 0
-31 -578 0
-33 573 0
-33 -574 0
-33 -575 0
-33 -576 0
-33 -577 0
-33 578 0
-45 573 0
-45 -574 0
-45 575 0
-45 576 0
-45 -577 0
-45 578 0
-49 573 0
-49 -574 0
-49 -575 0
-49 -576 0
-49 577 0
-49 578 0
1 4 5 8 10 16 24 31 32 33 40 47 48 49 0
-1 579 0
-1 -580 0
-1 -581 0
-1 -582 0
-1 -583 0
-1 -584 0
-4 -579 0
-4 -580 0
-4 581 0
-4 -582 0
-4 -583 0
-4 -584 0
-5 579 0
-5 -580 0
-5 581 0
-5 -582 0
-5 -583 0
-5 -584 0
-8 -579 0
-8 -580 0
-8 -581 0
-8 582 0
-8 -583 0
-8 -584 0
-10 -579 0
-10 580 0
-10 -581 0
-10 582 0
-10 -583 0
-10 -584 0
-16 -579 0
-16 -580 0
-16 -581 0
-16 -582 0
-16 583 0
-16 -584 0
-24 -579 0
-24 -580 0
-24 -581 0
-24 582 0
-24 583 0
-24 -584 0
-31 579 0
-31 580 0
-31 581 0
-31 582 0
-31 583 0
-31 -584 0
-32 -579 0
-32 -580 0
-32 -581 0
-32 -582 0
-32 -583 0
-32 584 0
-33 579 0
-33 -580 0
-33 -581 0
-33 -582 0
-33 -583 0
-33 584 0
-40 -579 0
-40 -580 0
-40 -581 0
-40 582 0
-40 -583 0
-40 584 0
-47 579 0
-47 580 0
-47 581 0
-47 582 0
-47 -583 0
-47 584 0
-48 -579 0
-48 -580 0
-48 -581 0
-48 -582 0
-48 583 0
-48 584 0
-49 579 0
-49 -580 0
-49 -581 0
-49 -582 0
-49 583 0
-49 584 0
1 2 5 16 19 23 24 27 31 33 35 36 42 44 47 49 50 0
-1 585 0
-1 -586 0
-1 -587 0
-1 -588 0
-1 -589 0
-1 -590 0
-2 -585 0
-2 586 0
-2 -587 0
-2 -588 0
-2 -589 0
-2 -590 0
-5 585 0
-5 -586 0
-5 587 0
-5 -588 0
-5 -589 0
-5 -590 0
-16 -585 0
-16 -586 0
-16 -587 0
-16 -588 0
-16 589 0
-16 -590 0
-19 585 0
-19 586 0
-19 -587 0
-19 -588 0
-19 589 0
-19 -590 0
-23 585 0
-23 586 0
-23 587 0
-23 -588 0
-23 589 0
-23 -590 0
-24 -585 0
-24 -586 0
-24 -587 0
-24 588 0
-24 589 0
-24 -590 0
-27 585 0
-27 586 0
-27 -587 0
-27 588 0
-27 589 0
-27 -590 0
-31 585 0
-31 586 0
-31 587 0
-31 588 0
-31 589 0
-31 -590 0
-33 585 0
-33 -586 0
-33 -587 0
-33 -588 0
-33 -589 0
-33 590 0
-35 585 0
-35 586 0
-35 -587 0
-35 -588 0
-35 -589 0
-35 590 0
-36 -585 0
-36 -586 0
-36 587 0
-36 -588 0
-36 -589 0
-36 590 0
-42 -585 0
-42 586 0
-42 -587 0
-42 588 0
-42 -589 0
-42 590 0
-44 -585 0
-44 -586 0
-44 587 0
-44 588 0
-44 -589 0
-44 590 0
-47 585 0
-47 586 0
-47 587 0
-47 588 0
-47 -589 0
-47 590 0
-49 585 0
-49 -586 0
-49 -587 0
-49 -588 0
-49 589 0
-49 590 0
-50 -585 0
-50 586 0
-50 -587 0
-50 -588 0
-50 589 0
-50 590 0
1 2 4 5 10 17 19 24 27 31 33 35 42 44 50 0
-1 591 0
-1 -592 0
-1 -593 0
-1 -594 0
-1 -595 0
-1 -596 0
-2 -591 0
-2 592 0
-2 -593 0
-2 -594 0
-2 -595 0
-2 -596 0
-4 -591 0
-4 -592 0
-4 593 0
-4 -594 0
-4 -595 0
-4 -596 0
-5 591 0
-5 -592 0
-5 593 0
-5 -594 0
-5 -595 0
-5 -596 0
-10 -591 0
-10 592 0
-10 -593 0
-10 594 0
-10 -595 0
-10 -596 0
-17 591 0
-17 -592 0
-17 -593 0
-17 -594 0
-17 595 0
-17 -596 0
-19 591 0
-19 592 0
-19 -593 0
-19 -594 0
-19 595 0
-19 -596 0
-24 -591 0
-24 -592 0
-24 -593 0
-24 594 0
-24 595 0
-24 -596 0
-27 591 0
-27 592 0
-27 -593 0
-27 594 0
-27 595 0
-27 -596 0
-31 591 0
-31 592 0
-31 593 0
-31 594 0
-31 595 0
-31 -596 0
-33 591 0
-33 -592 0
-33 -593 0
-33 -594 0
-33 -595 0
-33 596 0
-35 591 0
-35 592 0
-35 -593 0
-35 -594 0
-35 -595 0
-35 596 0
-42 -591 0
-42 592 0
-42 -593 0
-42 594 0
-42 -595 0
-42 596 0
-44 -591 0
-44 -592 0
-44 593 0
-44 594 0
-44 -595 0
-44 596 0
-50 -591 0
-50 592 0
-50 -593 0
-50 -594 0
-50 595 0
-50 596 0
16 17 19 23 24 27 33 38 40 44 47 49 0
-16 -597 0
-16 -598 0
-16 -599 0
-16 -600 0
-16 601 0
-16 -602 0
-17 597 0
-17 -598 0
-17 -599 0
-17 -600 0
-17 601 0
-17 -602 0
-19 597 0
-19 598 0
-19 -599 0
-19 -600 0
-19 601 0
-19 -602 0
-23 597 0
-23 598 0
-23 599 0
-23 -600 0
-23 601 0
-23 -602 0
-24 -597 0
-24 -598 0
-24 -599 0
-24 600 0
-24 601 0
-24 -602 0
-27 597 0
-27 598 0
-27 -599 0
-27 600 0
-27 601 0
-27 -602 0
-33 597 0
-33 -598 0
-33 -599 0
-33 -600 0
-33 -601 0
-33 602 0
-38 -597 0
-38 598 0
-38 599 0
-38 -600 0
-38 -601 0
-38 602 0
-40 -597 0
-40 -598 0
-40 -599 0
-40 600 0
-40 -601 0
-40 602 0
-44 -597 0
-44 -598 0
-44 599 0
-44 600 0
-44 -601 0
-44 602 0
-47 597 0
-47 598 0
-47 599 0
-47 600 0
-47 -601 0
-47 602 0
-49 597 0
-49 -598 0
-49 -599 0
-49 -600 0
-49 601 0
-49 602 0
1 4 5 16 21 24 27 33 45 47 0
-1 603 0
-1 -604 0
-1 -605 0
-1 -606 0
-1 -607 0
-1 -608 0
-4 -603 0
-4 -604 0
-4 605 0
-4 -606 0
-4 -607 0
-4 -608 0
-5 603 0
-5 -604 0
-5 605 0
-5 -606 0
-5 -607 0
-5 -608 0
-16 -603 0
-16 -604 0
-16 -605 0
-16 -606 0
-16 607 0
-16 -608 0
-21 603 0
-21 -604 0
-21 605 0
-21 -606 0
-21 607 0
-21 -608 0
-24 -603 0
-24 -604 0
-24 -605 0
-24 606 0
-24 607 0
-24 -608 0
-27 603 0
-27 604 0
-27 -605 0
-27 606 0
-27 607 0
-27 -608 0
-33 603 0
-33 -604 0
-33 -605 0
-33 -606 0
-33 -607 0
-33 608 0
-45 603 0
-45 -604 0
-45 605 0
-45 606 0
-45 -607 0
-45 608 0
-47 603 0
-47 604 0
-47 605 0
-47 606 0
-47 -607 0
-47 608 0
3 9 16 17 19 27 31 35 42 50 0
-3 609 0
-3 610 0
-3 -611 0
-3 -612 0
-3 -613 0
-3 -614 0
-9 609 0
-9 -610 0
-9 -611 0
-9 612 0
-9 -613 0
-9 -614 0
-16 -609 0
-16 -610 0
-16 -611 0
-16 -612 0
-16 613 0
-16 -614 0
-17 609 0
-17 -610 0
-17 -611 0
-17 -612 0
-17 613 0
-17 -614 0
-19 609 0
-19 610 0
-19 -611 0
-19 -612 0
-19 613 0
-19 -614 0
-27 609 0
-27 610 0
-27 -611 0
-27 612 0
-27 613 0
-27 -614 0
-31 609 0
-31 610 0
-31 611 0
-31 612 0
-31 613 0
-31 -614 0
-35 609 0
-35 610 0
-35 -611 0
-35 -612 0
-35 -613 0
-35 614 0
-42 -609 0
-42 610 0
-42 -611 0
-42 612 0
-42 -613 0
-42 614 0
-50 -609 0
-50 610 0
-50 -611 0
-50 -612 0
-50 613 0
-50 614 0
2 3 4 5 16 17 19 31 32 33 40 45 47 0
-2 -615 0
-2 616 0
-2 -617 0
-2 -618 0
-2 -619 0
-2 -620 0
-3 615 0
-3 616 0
-3 -617 0
-3 -618 0
-3 -619 0
-3 -620 0
-4 -615 0
-4 -616 0
-4 617 0
-4 -618 0
-4 -619 0
-4 -620 0
-5 615 0
-5 -616 0
-5 617 0
-5 -618 0
-5 -619 0
-5 -620 0
-16 -615 0
-16 -616 0
-16 -617 0
-16 -618 0
-16 619 0
-16 -620 0
-17 615 0
-17 -616 0
-17 -617 0
-17 -618 0
-17 619 0
-17 -620 0
-19 615 0
-19 616 0
-19 -617 0
-19 -618 0
-19 619 0
-19 -620 0
-31 615 0
-31 616 0
-31 617 0
-31 618 0
-31 619 0
-31 -620 0
-32 -615 0
-32 -616 0
-32 -617 0
-32 -618 0
-32 -619 0
-32 620 0
-33 615 0
-33 -616 0
-33 -617 0
-33 -618 0
-33 -619 0
-33 620 0
-40 -615 0
-40 -616 0
-40 -617 0
-40 618 0
-40 -619 0
-40 620 0
-45 615 0
-45 -616 0
-45 617 0
-45 618 0
-45 -619 0
-45 620 0
-47 615 0
-47 616 0
-47 617 0
-47 618 0
-47 -619 0
-47 620 0
3 5 7 11 19 24 26 31 33 36 42 47 49 0
-3 621 0
-3 622 0
-3 -623 0
-3 -624 0
-3 -625 0
-3 -626 0
-5 621 0
-5 -622 0
-5 623 0
-5 -624 0
-5 -625 0
-5 -626 0
-7 621 0
-7 622 0
-7 623 0
-7 -624 0
-7 -625 0
-7 -626 0
-11 621 0
-11 622 0
-11 -623 0
-11 624 0
-11 -625 0
-11 -626 0
-19 621 0
-19 622 0
-19 -623 0
-19 -624 0
-19 625 0
-19 -626 0
-24 -621 0
-24 -622 0
-24 -623 0
-24 624 0
-24 625 0
-24 -626 0
-26 -621 0
-26 622 0
-26 -623 0
-26 624 0
-26 625 0
-26 -626 0
-31 621 0
-31 622 0
-31 623 0
-31 624 0
-31 625 0
-31 -626 0
-33 621 0
-33 -622 0
-33 -623 0
-33 -624 0
-33 -625 0
-33 626 0
-36 -621 0
-36 -622 0
-36 623 0
-36 -624 0
-36 -625 0
-36 626 0
-42 -621 0
-42 622 0
-42 -623 0
-42 624 0
-42 -625 0
-42 626 0
-47 621 0
-47 622 0
-47 623 0
-47 624 0
-47 -625 0
-47 626 0
-49 621 0
-49 -622 0
-49 -623 0
-49 -624 0
-49 625 0
-49 626 0
1 3 16 17 19 24 31 33 34 35 36 41 49 50 0
-1 627 0
-1 -628 0
-1 -629 0
-1 -630 0
-1 -631 0
-1 -632 0
-3 627 0
-3 628 0
-3 -629 0
-3 -630 0
-3 -631 0
-3 -632 0
-16 -627 0
-16 -628 0
-16 -629 0
-16 -630 0
-16 631 0
-16 -632 0
-17 627 0
-17 -628 0
-17 -629 0
-17 -630 0
-17 631 0
-17 -632 0
-19 627 0
-19 628 0
-19 -629 0
-19 -630 0
-19 631 0
-19 -632 0
-24 -627 0
-24 -628 0
-24 -629 0
-24 630 0
-24 631 0
-24 -632 0
-31 627 0
-31 628 0
-31 629 0
-31 630 0
-31 631 0
-31 -632 0
-33 627 0
-33 -628 0
-33 -629 0
-33 -630 0
-33 -631 0
-33 632 0
-34 -627 0
-34 628 0
-34 -629 0
-34 -630 0
-34 -631 0
-34 632 0
-35 627 0
-35 628 0
-35 -629 0
-35 -630 0
-35 -631 0
-35 632 0
-36 -627 0
-36 -628 0
-36 629 0
-36 -630 0
-36 -631 0
-36 632 0
-41 627 0
-41 -628 0
-41 -629 0
-41 630 0
-41 -631 0
-41 632 0
-49 627 0
-49 -628 0
-49 -629 0
-49 -630 0
-49 631 0
-49 632 0
-50 -627 0
-50 628 0
-50 -629 0
-50 -630 0
-50 631 0
-50 632 0
3 14 19 24 27 32 33 36 42 46 47 50 0
-3 633 0
-3 634 0
-3 -635 0
-3 -636 0
-3 -637 0
-3 -638 0
-14 -633 0
-14 634 0
-14 635 0
-14 636 0
-14 -637 0
-14 -638 0
-19 633 0
-19 634 0
-19 -635 0
-19 -636 0
-19 637 0
-19 -638 0
-24 -633 0
-24 -634 0
-24 -635 0
-24 636 0
-24 637 0
-24 -638 0
-27 633 0
-27 634 0
-27 -635 0
-27 636 0
-27 637 0
-27 -638 0
-32 -633 0
-32 -634 0
-32 -635 0
-32 -636 0
-32 -637 0
-32 638 0
-33 633 0
-33 -634 0
-33 -635 0
-33 -636 0
-33 -637 0
-33 638 0
-36 -633 0
-36 -634 0
-36 635 0
-36 -636 0
-36 -637 0
-36 638 0
-42 -633 0
-42 634 0
-42 -635 0
-42 636 0
-42 -637 0
-42 638 0
-46 -633 0
-46 634 0
-46 635 0
-46 636 0
-46 -637 0
-46 638 0
-47 633 0
-47 634 0
-47 635 0
-47 636 0
-47 -637 0
-47 638 0
-50 -633 0
-50 634 0
-50 -635 0
-50 -636 0
-50 637 0
-50 638 0
1 4 16 19 22 24 35 36 37 43 44 45 49 50 0
-1 639 0
-1 -640 0
-1 -641 0
-1 -642 0
-1 -643 0
-1 -644 0
-4 -639 0
-4 -640 0
-4 641 0
-4 -642 0
-4 -643 0
-4 -644 0
-16 -639 0
-16 -640 0
-16 -641 0
-16 -642 0
-16 643 0
-16 -644 0
-19 639 0
-19 640 0
-19 -641 0
-19 -642 0
-19 643 0
-19 -644 0
-22 -639 0
-22 640 0
-22 641 0
-22 -642 0
-22 643 0
-22 -644 0
-24 -639 0
-24 -640 0
-24 -641 0
-24 642 0
-24 643 0
-24 -644 0
-35 639 0
-35 640 0
-35 -641 0
-35 -642 0
-35 -643 0
-35 644 0
-36 -639 0
-36 -640 0
-36 641 0
-36 -642 0
-36 -643 0
-36 644 0
-37 639 0
-37 -640 0
-37 641 0
-37 -642 0
-37 -643 0
-37 644 0
-43 639 0
-43 640 0
-43 -641 0
-43 642 0
-43 -643 0
-43 644 0
-44 -639 0
-44 -640 0
-44 641 0
-44 642 0
-44 -643 0
-44 644 0
-45 639 0
-45 -640 0
-45 641 0
-45 642 0
-45 -643 0
-45 644 0
-49 639 0
-49 -640 0
-49 -641 0
-49 -642 0
-49 643 0
-49 644 0
-50 -639 0
-50 640 0
-50 -641 0
-50 -642 0
-50 643 0
-50 644 0
4 5 17 19 20 33 42 44 50 0
-4 -645 0
-4 -646 0
-4 647 0
-4 -648 0
-4 -649 0
-4 -650 0
-5 645 0
-5 -646 0
-5 647 0
-5 -648 0
-5 -649 0
-5 -650 0
-17 645 0
-17 -646 0
-17 -647 0
-17 -648 0
-17 649 0
-17 -650 0
-19 645 0
-19 646 0
-19 -647 0
-19 -648 0
-19 649 0
-19 -650 0
-20 -645 0
-20 -646 0
-20 647 0
-20 -648 0
-20 649 0
-20 -650 0
-33 645 0
-33 -646 0
-33 -647 0
-33 -648 0
-33 -649 0
-33 650 0
-42 -645 0
-42 646 0
-42 -647 0
-42 648 0
-42 -649 0
-42 650 0
-44 -645 0
-44 -646 0
-44 647 0
-44 648 0
-44 -649 0
-44 650 0
-50 -645 0
-50 646 0
-50 -647 0
-50 -648 0
-50 649 0
-50 650 0
