50 100
1 4 5 6 7 11 15 16 19 20 22 24 25 26 33 34 45 47 48 50 52 54 57 58 61 62 65 66 67 69 70 73 74 75 76 77 80 83 85 88 89 90 91 93 97 99
8 13 14 23 37 40 66 72 90 91 95
2 3 5 6 7 9 11 12 16 17 18 25 26 31 32 35 37 40 41 45 51 52 53 54 58 63 64 73 76 86 94 95 96 97 98
2 4 5 7 9 10 11 13 16 24 26 29 31 32 34 35 38 40 41 42 45 47 49 50 55 59 63 64 69 76 77 80 82 83 84 87 88 89 91 93 95 99 100
1 4 5 6 7 8 10 12 13 14 15 16 19 23 24 26 27 29 31 40 41 42 49 50 52 54 55 57 58 59 60 61 63 65 66 67 69 70 71 74 75 77 78 79 80 82 83 84 85 87 88 89 90 91 93 95 96 100
27 35 38 64 80
1 3 8 9 10 17 22 24 25 30 32 36 40 43 44 46 54 58 63 66 72 76 77 78 82 85 86 87 96
89
7 18 21 33 44 46 49 94
14 16 20 21 27 28 30 31 33 36 41 42 53 55 69 80 83 89 91
3 5 13 16 21 24 25 26 28 32 34 40 42 55 57 58 71 83 84 87 96
3 34 53 78 81
2 56 65 67 71
11 43 50 98
11 68 77 82
1 2 3 5 6 7 8 9 10 11 12 13 14 15 16 17 18 19 21 22 23 24 28 30 31 32 33 34 35 36 38 41 42 44 45 46 49 50 52 54 57 58 59 61 63 68 69 73 74 76 77 79 80 81 85 86 87 88 89 90 92 93 94 95 97 99
2 5 8 13 15 17 21 23 25 26 29 33 36 37 39 40 41 43 47 49 55 57 65 72 74 78 79 84 85 86 87 91 92 94 95 97 100
12 20
1 3 4 5 7 9 10 11 14 17 19 20 21 22 23 25 29 30 31 32 34 36 38 39 41 42 43 45 47 48 50 53 54 57 58 59 60 64 65 66 68 71 73 76 77 78 79 81 84 85 86 87 88 90 91 92 94 95 96 97 98 99 100
25 47 55 100
4 16 17 29 54 74 93
2 3 5 7 10 12 13 21 22 23 24 25 27 28 33 39 40 41 42 46 47 48 49 57 58 59 60 68 69 72 74 79 80 84 86 99
6 12 14 17 22 30 31 33 36 37 38 40 43 50 76 77 81 85 90 92
2 3 4 6 7 8 9 10 12 14 16 17 22 23 24 25 26 27 28 29 30 31 34 35 37 39 43 45 48 51 54 55 56 57 59 61 63 65 67 68 70 73 76 77 78 79 80 82 83 84 85 87 88 89 90 91 92 93 96 97 98 99
15 24
31 62 79 83 85 96
3 5 7 13 15 21 23 24 25 26 29 31 39 40 41 47 50 52 56 60 61 68 69 71 75 77 80 84 87 90 91 92 93 94 98
7 15 19 24 56 59 61 69 71
6 10 30 63 88
1 5 9 19 22 45 61 75
5 8 10 11 12 13 14 15 16 17 18 19 20 22 23 25 26 29 30 32 33 35 39 40 41 43 44 45 46 47 48 49 50 53 56 57 58 61 62 63 66 67 68 73 74 75 80 81 82 83 85 86 87 88 89 90 91 94 95 96 97
7 8 9 11 12 16 17 20 26 28 29 32 34 35 41 44 46 48 56 63 64 71 73 74 76 82 83 89 95 98
1 2 4 5 9 10 12 13 15 17 18 19 20 21 22 25 26 27 29 30 31 32 35 36 37 38 42 43 46 49 50 51 52 53 55 57 58 59 60 62 67 69 70 71 72 73 74 76 77 81 83 86 88 89 90 91 92 93 95 96 97 98 100
39 42 57 97
3 4 6 7 8 12 15 16 19 21 22 30 32 33 35 39 41 42 44 45 46 47 50 54 57 60 62 64 67 68 71 73 74 76 78 80 81 82 86 87 90 91 94 97 99
3 4 11 16 17 18 23 31 32 35 37 38 42 44 46 49 52 53 54 56 60 67 68 70 78 79 83 86 87 90 96 97 98 99
16 23 24 26 31 34 46 47 50 52 55 56 67 71 76 78 87 99
20 28 36 52 58 76 84 92
48 50
4 8 33 52 58 60 65 73 80 82 89 92 95
1 6 15 16 18 31 67 70 72 78 83 86 97
6 8 10 11 12 14 17 19 20 21 22 23 24 26 28 29 31 32 33 36 37 38 39 41 45 46 47 49 50 51 52 53 54 55 56 57 58 61 62 66 67 68 74 75 77 79 80 81 83 86 87 90 91 94 96 98 100
26 41 51 60 70 87 99
1 2 3 4 6 10 11 16 17 24 25 27 29 43 45 48 54 60 62 63 64 66 68 69 73 76 79 80 81 84 85 86 90 91 92 99 100
5 7 9 11 19 23 24 27 34 36 47 49 53 56 60 61 64 70 71 73 74 75 76 77 78 79 81 83 87 88 93 95 99
32 43 59 69 86 98
2 3 9 12 13 14 15 16 17 22 24 25 26 27 28 31 32 33 34 35 38 39 40 44 46 48 50 53 55 56 60 62 64 65 66 67 68 69 71 72 73 76 78 79 81 82 83 84 85 87 89 90 92 93 95 96 98
12 73 89
2 3 6 7 9 10 12 14 16 17 19 20 21 22 26 27 28 30 33 35 38 39 40 41 44 45 46 47 48 50 54 55 56 58 59 60 61 62 63 66 67 68 70 71 72 73 74 77 79 80 81 82 85 86 87 88 89 90 92 96 97 99
1 2 3 5 8 9 10 13 18 21 25 28 29 30 32 33 36 37 38 42 46 48 51 53 54 55 60 61 62 63 65 66 68 69 70 74 77 78 82 83 86 87 90 91 94 97 98 99 100
