p cnf 794 3852
-793 -794 0
-792 -794 0
-792 -793 0
-790 -791 0
-789 -791 0
-789 -790 0
-787 -788 0
-786 -788 0
-786 -787 0
-785 -788 0
-785 -787 0
-785 -786 0
-783 -784 0
-782 -784 0
-782 -783 0
-781 -784 0
-781 -783 0
-781 -782 0
-779 -780 0
-778 -780 0
-778 -779 0
-776 -777 0
-775 -777 0
-775 -776 0
-774 -777 0
-774 -776 0
-774 -775 0
-772 -773 0
-771 -773 0
-771 -772 0
-770 -773 0
-770 -772 0
-770 -771 0
-768 -769 0
-767 -769 0
-767 -768 0
-766 -769 0
-766 -768 0
-766 -767 0
-764 -765 0
-763 -765 0
-763 -764 0
-762 -765 0
-762 -764 0
-762 -763 0
-760 -761 0
-759 -761 0
-759 -760 0
-758 -761 0
-758 -760 0
-758 -759 0
-756 -757 0
-755 -757 0
-755 -756 0
-754 -757 0
-754 -756 0
-754 -755 0
-752 -753 0
-751 -753 0
-751 -752 0
-750 -753 0
-750 -752 0
-750 -751 0
-748 -749 0
-747 -749 0
-747 -748 0
-745 -746 0
-744 -746 0
-744 -745 0
-743 -746 0
-743 -745 0
-743 -744 0
-741 -742 0
-740 -742 0
-740 -741 0
-738 -739 0
-737 -739 0
-737 -738 0
-736 -739 0
-736 -738 0
-736 -737 0
-734 -735 0
-733 -735 0
-733 -734 0
-731 -732 0
-730 -732 0
-730 -731 0
-729 -732 0
-729 -731 0
-729 -730 0
-727 -728 0
-726 -728 0
-726 -727 0
-725 -728 0
-725 -727 0
-725 -726 0
-723 -724 0
-722 -724 0
-722 -723 0
-721 -724 0
-721 -723 0
-721 -722 0
-719 -720 0
-718 -720 0
-718 -719 0
-717 -720 0
-717 -719 0
-717 -718 0
-715 -716 0
-714 -716 0
-714 -715 0
-713 -716 0
-713 -715 0
-713 -714 0
-712 -716 0
-712 -715 0
-712 -714 0
-712 -713 0
-710 -711 0
-709 -711 0
-709 -710 0
-708 -711 0
-708 -710 0
-708 -709 0
-706 -707 0
-705 -707 0
-705 -706 0
-704 -707 0
-704 -706 0
-704 -705 0
-702 -703 0
-701 -703 0
-701 -702 0
-699 -700 0
-698 -700 0
-698 -699 0
-697 -700 0
-697 -699 0
-697 -698 0
-695 -696 0
-694 -696 0
-694 -695 0
-693 -696 0
-693 -695 0
-693 -694 0
-691 -692 0
-690 -692 0
-690 -691 0
-689 -692 0
-689 -691 0
-689 -690 0
-688 -692 0
-688 -691 0
-688 -690 0
-688 -689 0
-686 -687 0
-685 -687 0
-685 -686 0
-684 -687 0
-684 -686 0
-684 -685 0
-682 -683 0
-681 -683 0
-681 -682 0
-680 -683 0
-680 -682 0
-680 -681 0
-678 -679 0
-677 -679 0
-677 -678 0
-676 -679 0
-676 -678 0
-676 -677 0
-674 -675 0
-673 -675 0
-673 -674 0
-672 -675 0
-672 -674 0
-672 -673 0
-670 -671 0
-669 -671 0
-669 -670 0
-667 -668 0
-666 -668 0
-666 -667 0
-665 -668 0
-665 -667 0
-665 -666 0
-663 -664 0
-662 -664 0
-662 -663 0
-661 -664 0
-661 -663 0
-661 -662 0
-659 -660 0
-658 -660 0
-658 -659 0
-657 -660 0
-657 -659 0
-657 -658 0
-655 -656 0
-654 -656 0
-654 -655 0
-652 -653 0
-651 -653 0
-651 -652 0
-650 -653 0
-650 -652 0
-650 -651 0
-648 -649 0
-647 -649 0
-647 -648 0
-645 -646 0
-644 -646 0
-644 -645 0
-643 -646 0
-643 -645 0
-643 -644 0
-641 -642 0
-640 -642 0
-640 -641 0
-639 -642 0
-639 -641 0
-639 -640 0
-637 -638 0
-636 -638 0
-636 -637 0
-635 -638 0
-635 -637 0
-635 -636 0
-633 -634 0
-632 -634 0
-632 -633 0
-631 -634 0
-631 -633 0
-631 -632 0
-629 -630 0
-628 -630 0
-628 -629 0
-627 -630 0
-627 -629 0
-627 -628 0
-625 -626 0
-624 -626 0
-624 -625 0
-623 -626 0
-623 -625 0
-623 -624 0
-621 -622 0
-620 -622 0
-620 -621 0
-619 -622 0
-619 -621 0
-619 -620 0
-617 -618 0
-616 -618 0
-616 -617 0
-615 -618 0
-615 -617 0
-615 -616 0
-613 -614 0
-612 -614 0
-612 -613 0
-611 -614 0
-611 -613 0
-611 -612 0
-609 -610 0
-608 -610 0
-608 -609 0
-607 -610 0
-607 -609 0
-607 -608 0
-605 -606 0
-604 -606 0
-604 -605 0
-603 -606 0
-603 -605 0
-603 -604 0
-601 -602 0
-600 -602 0
-600 -601 0
-598 -599 0
-597 -599 0
-597 -598 0
-595 -596 0
-594 -596 0
-594 -595 0
-593 -596 0
-593 -595 0
-593 -594 0
-591 -592 0
-590 -592 0
-590 -591 0
-589 -592 0
-589 -591 0
-589 -590 0
-587 -588 0
-586 -588 0
-586 -587 0
-585 -588 0
-585 -587 0
-585 -586 0
-583 -584 0
-582 -584 0
-582 -583 0
-581 -584 0
-581 -583 0
-581 -582 0
-579 -580 0
-578 -580 0
-578 -579 0
-576 -577 0
-575 -577 0
-575 -576 0
-573 -574 0
-572 -574 0
-572 -573 0
-571 -574 0
-571 -573 0
-571 -572 0
-569 -570 0
-568 -570 0
-568 -569 0
-567 -570 0
-567 -569 0
-567 -568 0
-565 -566 0
-564 -566 0
-564 -565 0
-562 -563 0
-561 -563 0
-561 -562 0
-560 -563 0
-560 -562 0
-560 -561 0
-558 -559 0
-557 -559 0
-557 -558 0
-556 -559 0
-556 -558 0
-556 -557 0
-554 -555 0
-553 -555 0
-553 -554 0
-552 -555 0
-552 -554 0
-552 -553 0
-550 -551 0
-549 -551 0
-549 -550 0
-548 -551 0
-548 -550 0
-548 -549 0
-546 -547 0
-545 -547 0
-545 -546 0
-544 -547 0
-544 -546 0
-544 -545 0
-542 -543 0
-541 -543 0
-541 -542 0
-540 -543 0
-540 -542 0
-540 -541 0
-538 -539 0
-537 -539 0
-537 -538 0
-536 -539 0
-536 -538 0
-536 -537 0
-534 -535 0
-533 -535 0
-533 -534 0
-531 -532 0
-530 -532 0
-530 -531 0
-529 -532 0
-529 -531 0
-529 -530 0
-527 -528 0
-526 -528 0
-526 -527 0
-524 -525 0
-523 -525 0
-523 -524 0
-521 -522 0
-520 -522 0
-520 -521 0
-518 -519 0
-517 -519 0
-517 -518 0
-515 -516 0
-514 -516 0
-514 -515 0
-512 -513 0
-511 -513 0
-511 -512 0
-510 -513 0
-510 -512 0
-510 -511 0
-508 -509 0
-507 -509 0
-507 -508 0
-505 -506 0
-504 -506 0
-504 -505 0
-503 -506 0
-503 -505 0
-503 -504 0
-501 -502 0
-500 -502 0
-500 -501 0
-498 -499 0
-497 -499 0
-497 -498 0
-496 -499 0
-496 -498 0
-496 -497 0
-494 -495 0
-493 -495 0
-493 -494 0
-492 -495 0
-492 -494 0
-492 -493 0
-490 -491 0
-489 -491 0
-489 -490 0
-488 -491 0
-488 -490 0
-488 -489 0
-486 -487 0
-485 -487 0
-485 -486 0
-483 -484 0
-482 -484 0
-482 -483 0
-481 -484 0
-481 -483 0
-481 -482 0
-479 -480 0
-478 -480 0
-478 -479 0
-477 -480 0
-477 -479 0
-477 -478 0
-475 -476 0
-474 -476 0
-474 -475 0
-473 -476 0
-473 -475 0
-473 -474 0
-471 -472 0
-470 -472 0
-470 -471 0
-469 -472 0
-469 -471 0
-469 -470 0
-467 -468 0
-466 -468 0
-466 -467 0
-465 -468 0
-465 -467 0
-465 -466 0
-463 -464 0
-462 -464 0
-462 -463 0
-460 -461 0
-459 -461 0
-459 -460 0
-458 -461 0
-458 -460 0
-458 -459 0
-456 -457 0
-455 -457 0
-455 -456 0
-454 -457 0
-454 -456 0
-454 -455 0
-452 -453 0
-451 -453 0
-451 -452 0
-450 -453 0
-450 -452 0
-450 -451 0
-448 -449 0
-447 -449 0
-447 -448 0
-446 -449 0
-446 -448 0
-446 -447 0
-444 -445 0
-443 -445 0
-443 -444 0
-442 -445 0
-442 -444 0
-442 -443 0
-440 -441 0
-439 -441 0
-439 -440 0
-437 -438 0
-436 -438 0
-436 -437 0
-435 -438 0
-435 -437 0
-435 -436 0
-433 -434 0
-432 -434 0
-432 -433 0
-430 -431 0
-429 -431 0
-429 -430 0
-428 -431 0
-428 -430 0
-428 -429 0
-426 -427 0
-424 -425 0
-423 -425 0
-423 -424 0
-421 -422 0
-420 -422 0
-420 -421 0
-419 -422 0
-419 -421 0
-419 -420 0
-417 -418 0
-416 -418 0
-416 -417 0
-415 -418 0
-415 -417 0
-415 -416 0
-413 -414 0
-412 -414 0
-412 -413 0
-410 -411 0
-409 -411 0
-409 -410 0
-408 -411 0
-408 -410 0
-408 -409 0
-406 -407 0
-405 -407 0
-405 -406 0
-403 -404 0
-402 -404 0
-402 -403 0
-401 -404 0
-401 -403 0
-401 -402 0
-399 -400 0
-398 -400 0
-398 -399 0
-397 -400 0
-397 -399 0
-397 -398 0
-395 -396 0
-394 -396 0
-394 -395 0
-393 -396 0
-393 -395 0
-393 -394 0
-391 -392 0
-390 -392 0
-390 -391 0
-389 -392 0
-389 -391 0
-389 -390 0
-387 -388 0
-386 -388 0
-386 -387 0
-385 -388 0
-385 -387 0
-385 -386 0
-383 -384 0
-382 -384 0
-382 -383 0
-380 -381 0
-379 -381 0
-379 -380 0
-378 -381 0
-378 -380 0
-378 -379 0
-376 -377 0
-375 -377 0
-375 -376 0
-373 -374 0
-372 -374 0
-372 -373 0
-370 -371 0
-369 -371 0
-369 -370 0
-367 -368 0
-366 -368 0
-366 -367 0
-365 -368 0
-365 -367 0
-365 -366 0
-363 -364 0
-362 -364 0
-362 -363 0
-360 -361 0
-359 -361 0
-359 -360 0
-358 -361 0
-358 -360 0
-358 -359 0
-356 -357 0
-355 -357 0
-355 -356 0
-354 -357 0
-354 -356 0
-354 -355 0
-352 -353 0
-351 -353 0
-351 -352 0
-350 -353 0
-350 -352 0
-350 -351 0
-348 -349 0
-347 -349 0
-347 -348 0
-346 -349 0
-346 -348 0
-346 -347 0
-344 -345 0
-343 -345 0
-343 -344 0
-342 -345 0
-342 -344 0
-342 -343 0
-340 -341 0
-339 -341 0
-339 -340 0
-337 -338 0
-336 -338 0
-336 -337 0
-335 -338 0
-335 -337 0
-335 -336 0
-333 -334 0
-332 -334 0
-332 -333 0
-330 -331 0
-329 -331 0
-329 -330 0
-328 -331 0
-328 -330 0
-328 -329 0
-326 -327 0
-325 -327 0
-325 -326 0
-323 -324 0
-322 -324 0
-322 -323 0
-320 -321 0
-319 -321 0
-319 -320 0
-317 -318 0
-316 -318 0
-316 -317 0
-315 -318 0
-315 -317 0
-315 -316 0
-313 -314 0
-312 -314 0
-312 -313 0
-310 -311 0
-309 -311 0
-309 -310 0
-308 -311 0
-308 -310 0
-308 -309 0
-306 -307 0
-305 -307 0
-305 -306 0
-303 -304 0
-302 -304 0
-302 -303 0
-301 -304 0
-301 -303 0
-301 -302 0
-299 -300 0
-298 -300 0
-298 -299 0
-297 -300 0
-297 -299 0
-297 -298 0
-295 -296 0
-294 -296 0
-294 -295 0
-293 -296 0
-293 -295 0
-293 -294 0
-291 -292 0
-290 -292 0
-290 -291 0
-289 -292 0
-289 -291 0
-289 -290 0
-287 -288 0
-286 -288 0
-286 -287 0
-285 -288 0
-285 -287 0
-285 -286 0
-283 -284 0
-282 -284 0
-282 -283 0
-281 -284 0
-281 -283 0
-281 -282 0
-279 -280 0
-278 -280 0
-278 -279 0
-277 -280 0
-277 -279 0
-277 -278 0
-275 -276 0
-274 -276 0
-274 -275 0
-272 -273 0
-271 -273 0
-271 -272 0
-270 -273 0
-270 -272 0
-270 -271 0
-268 -269 0
-267 -269 0
-267 -268 0
-266 -269 0
-266 -268 0
-266 -267 0
-264 -265 0
-263 -265 0
-263 -264 0
-262 -265 0
-262 -264 0
-262 -263 0
-260 -261 0
-259 -261 0
-259 -260 0
-257 -258 0
-256 -258 0
-256 -257 0
-255 -258 0
-255 -257 0
-255 -256 0
-253 -254 0
-252 -254 0
-252 -253 0
-250 -251 0
-249 -251 0
-249 -250 0
-248 -251 0
-248 -250 0
-248 -249 0
-246 -247 0
-245 -247 0
-245 -246 0
-244 -247 0
-244 -246 0
-244 -245 0
-242 -243 0
-241 -243 0
-241 -242 0
-240 -243 0
-240 -242 0
-240 -241 0
-238 -239 0
-237 -239 0
-237 -238 0
-236 -239 0
-236 -238 0
-236 -237 0
-234 -235 0
-233 -235 0
-233 -234 0
-232 -235 0
-232 -234 0
-232 -233 0
-230 -231 0
-229 -231 0
-229 -230 0
-228 -231 0
-228 -230 0
-228 -229 0
-226 -227 0
-225 -227 0
-225 -226 0
-224 -227 0
-224 -226 0
-224 -225 0
-222 -223 0
-221 -223 0
-221 -222 0
-220 -223 0
-220 -222 0
-220 -221 0
-218 -219 0
-217 -219 0
-217 -218 0
-216 -219 0
-216 -218 0
-216 -217 0
-214 -215 0
-213 -215 0
-213 -214 0
-212 -215 0
-212 -214 0
-212 -213 0
-210 -211 0
-209 -211 0
-209 -210 0
-208 -211 0
-208 -210 0
-208 -209 0
-206 -207 0
-205 -207 0
-205 -206 0
-204 -207 0
-204 -206 0
-204 -205 0
-202 -203 0
-201 -203 0
-201 -202 0
-200 -203 0
-200 -202 0
-200 -201 0
-198 -199 0
-197 -199 0
-197 -198 0
-195 -196 0
-194 -196 0
-194 -195 0
-193 -196 0
-193 -195 0
-193 -194 0
-191 -192 0
-190 -192 0
-190 -191 0
-188 -189 0
-187 -189 0
-187 -188 0
-186 -189 0
-186 -188 0
-186 -187 0
-184 -185 0
-183 -185 0
-183 -184 0
-181 -182 0
-180 -182 0
-180 -181 0
-178 -179 0
-177 -179 0
-177 -178 0
-176 -179 0
-176 -178 0
-176 -177 0
-174 -175 0
-173 -175 0
-173 -174 0
-172 -175 0
-172 -174 0
-172 -173 0
-170 -171 0
-169 -171 0
-169 -170 0
-168 -171 0
-168 -170 0
-168 -169 0
-166 -167 0
-165 -167 0
-165 -166 0
-164 -167 0
-164 -166 0
-164 -165 0
-163 -167 0
-163 -166 0
-163 -165 0
-163 -164 0
-161 -162 0
-160 -162 0
-160 -161 0
-158 -159 0
-157 -159 0
-157 -158 0
-156 -159 0
-156 -158 0
-156 -157 0
-154 -155 0
-153 -155 0
-153 -154 0
-151 -152 0
-150 -152 0
-150 -151 0
-149 -152 0
-149 -151 0
-149 -150 0
-147 -148 0
-146 -148 0
-146 -147 0
-144 -145 0
-143 -145 0
-143 -144 0
-142 -145 0
-142 -144 0
-142 -143 0
-140 -141 0
-139 -141 0
-139 -140 0
-138 -141 0
-138 -140 0
-138 -139 0
-136 -137 0
-135 -137 0
-135 -136 0
-134 -137 0
-134 -136 0
-134 -135 0
-132 -133 0
-131 -133 0
-131 -132 0
-130 -133 0
-130 -132 0
-130 -131 0
-128 -129 0
-127 -129 0
-127 -128 0
-126 -129 0
-126 -128 0
-126 -127 0
-124 -125 0
-123 -125 0
-123 -124 0
-122 -125 0
-122 -124 0
-122 -123 0
-120 -121 0
-119 -121 0
-119 -120 0
-118 -121 0
-118 -120 0
-118 -119 0
-116 -117 0
-115 -117 0
-115 -116 0
-114 -117 0
-114 -116 0
-114 -115 0
-112 -113 0
-111 -113 0
-111 -112 0
-110 -113 0
-110 -112 0
-110 -111 0
-108 -109 0
-107 -109 0
-107 -108 0
-105 -106 0
-104 -106 0
-104 -105 0
-103 -106 0
-103 -105 0
-103 -104 0
-101 -102 0
-100 -102 0
-100 -101 0
-99 -102 0
-99 -101 0
-99 -100 0
-97 -98 0
-96 -98 0
-96 -97 0
-95 -98 0
-95 -97 0
-95 -96 0
-93 -94 0
-92 -94 0
-92 -93 0
-90 -91 0
-89 -91 0
-89 -90 0
-88 -91 0
-88 -90 0
-88 -89 0
-86 -87 0
-85 -87 0
-85 -86 0
-84 -87 0
-84 -86 0
-84 -85 0
-82 -83 0
-81 -83 0
-81 -82 0
-80 -83 0
-80 -82 0
-80 -81 0
-78 -79 0
-77 -79 0
-77 -78 0
-75 -76 0
-74 -76 0
-74 -75 0
-73 -76 0
-73 -75 0
-73 -74 0
-71 -72 0
-70 -72 0
-70 -71 0
-69 -72 0
-69 -71 0
-69 -70 0
-67 -68 0
-66 -68 0
-66 -67 0
-65 -68 0
-65 -67 0
-65 -66 0
-63 -64 0
-62 -64 0
-62 -63 0
-60 -61 0
-59 -61 0
-59 -60 0
-58 -61 0
-58 -60 0
-58 -59 0
-56 -57 0
-55 -57 0
-55 -56 0
-53 -54 0
-52 -54 0
-52 -53 0
-51 -54 0
-51 -53 0
-51 -52 0
-50 52 0
-50 57 0
-50 61 0
-50 64 0
-50 67 0
-50 72 0
-50 82 0
-50 87 0
-50 106 0
-50 109 0
-50 110 0
-50 117 0
-50 119 0
-50 125 0
-50 145 0
-50 148 0
-50 181 0
-50 185 0
-50 200 0
-50 207 0
-50 234 0
-50 239 0
-50 257 0
-50 261 0
-50 262 0
-50 269 0
-50 273 0
-50 276 0
-50 287 0
-50 292 0
-50 294 0
-50 300 0
-50 317 0
-50 321 0
-50 324 0
-50 327 0
-50 330 0
-50 334 0
-50 361 0
-50 364 0
-50 386 0
-50 392 0
-50 403 0
-50 407 0
-50 425 0
-50 427 0
-50 437 0
-50 441 0
-50 443 0
-50 449 0
-50 450 0
-50 457 0
-50 489 0
-50 495 0
-50 499 0
-50 502 0
-50 504 0
-50 509 0
-50 513 0
-50 516 0
-50 525 0
-50 528 0
-50 531 0
-50 535 0
-50 545 0
-50 551 0
-50 552 0
-50 559 0
-50 561 0
-50 566 0
-50 590 0
-50 596 0
-50 613 0
-50 618 0
-50 619 0
-50 626 0
-50 653 0
-50 656 0
-50 660 0
-50 664 0
-50 683 0
-50 687 0
-50 691 0
-50 696 0
-50 713 0
-50 720 0
-50 723 0
-50 728 0
-50 744 0
-50 749 0
-50 767 0
-50 773 0
-50 777 0
-50 780 0
-50 782 0
-50 788 0
-50 791 0
-50 794 0
-49 60 0
-49 64 0
-49 66 0
-49 72 0
-49 91 0
-49 94 0
-49 97 0
-49 102 0
-49 113 0
-49 116 0
-49 118 0
-49 125 0
-49 136 0
-49 141 0
-49 151 0
-49 155 0
-49 165 0
-49 171 0
-49 175 0
-49 179 0
-49 189 0
-49 192 0
-49 194 0
-49 199 0
-49 203 0
-49 206 0
-49 209 0
-49 215 0
-49 243 0
-49 247 0
-49 249 0
-49 254 0
-49 256 0
-49 261 0
-49 272 0
-49 276 0
-49 293 0
-49 300 0
-49 311 0
-49 314 0
-49 329 0
-49 334 0
-49 337 0
-49 341 0
-49 342 0
-49 349 0
-49 352 0
-49 357 0
-49 374 0
-49 377 0
-49 381 0
-49 384 0
-49 385 0
-49 392 0
-49 393 0
-49 400 0
-49 402 0
-49 407 0
-49 418 0
-49 422 0
-49 442 0
-49 449 0
-49 453 0
-49 456 0
-49 461 0
-49 464 0
-49 474 0
-49 480 0
-49 482 0
-49 487 0
-49 488 0
-49 495 0
-49 498 0
-49 502 0
-49 503 0
-49 509 0
-49 512 0
-49 516 0
-49 530 0
-49 535 0
-49 536 0
-49 543 0
-49 544 0
-49 551 0
-49 560 0
-49 566 0
-49 567 0
-49 574 0
-49 576 0
-49 580 0
-49 583 0
-49 588 0
-49 589 0
-49 596 0
-49 612 0
-49 618 0
-49 627 0
-49 634 0
-49 637 0
-49 642 0
-49 646 0
-49 649 0
-49 652 0
-49 656 0
-49 672 0
-49 679 0
-49 682 0
-49 687 0
-49 690 0
-49 696 0
-49 699 0
-49 703 0
-49 705 0
-49 711 0
-49 712 0
-49 720 0
-49 732 0
-49 735 0
-49 758 0
-49 765 0
-49 766 0
-49 773 0
-49 781 0
-49 788 0
-48 135 0
-48 141 0
-48 582 0
-48 588 0
-48 704 0
-48 711 0
-47 59 0
-47 64 0
-47 65 0
-47 72 0
-47 112 0
-47 116 0
-47 134 0
-47 141 0
-47 144 0
-47 148 0
-47 150 0
-47 155 0
-47 159 0
-47 162 0
-47 164 0
-47 171 0
-47 174 0
-47 179 0
-47 208 0
-47 215 0
-47 227 0
-47 231 0
-47 233 0
-47 239 0
-47 242 0
-47 247 0
-47 248 0
-47 254 0
-47 255 0
-47 261 0
-47 280 0
-47 284 0
-47 286 0
-47 292 0
-47 296 0
-47 299 0
-47 303 0
-47 307 0
-47 310 0
-47 314 0
-47 328 0
-47 334 0
-47 336 0
-47 341 0
-47 345 0
-47 348 0
-47 373 0
-47 377 0
-47 388 0
-47 391 0
-47 401 0
-47 407 0
-47 417 0
-47 422 0
-47 436 0
-47 441 0
-47 452 0
-47 456 0
-47 460 0
-47 464 0
-47 491 0
-47 494 0
-47 506 0
-47 508 0
-47 519 0
-47 522 0
-47 524 0
-47 528 0
-47 529 0
-47 535 0
-47 539 0
-47 542 0
-47 547 0
-47 550 0
-47 555 0
-47 558 0
-47 570 0
-47 573 0
-47 575 0
-47 580 0
-47 581 0
-47 588 0
-47 606 0
-47 610 0
-47 622 0
-47 625 0
-47 630 0
-47 633 0
-47 645 0
-47 649 0
-47 651 0
-47 656 0
-47 659 0
-47 664 0
-47 667 0
-47 671 0
-47 675 0
-47 678 0
-47 689 0
-47 696 0
-47 707 0
-47 710 0
-47 716 0
-47 719 0
-47 731 0
-47 735 0
-47 737 0
-47 742 0
-47 750 0
-47 757 0
-47 761 0
-47 764 0
-47 776 0
-47 780 0
-46 285 0
-46 292 0
-46 366 0
-46 371 0
-46 481 0
-46 487 0
-46 554 0
-46 558 0
-46 681 0
-46 687 0
-46 775 0
-46 780 0
-45 81 0
-45 87 0
-45 96 0
-45 102 0
-45 111 0
-45 116 0
-45 126 0
-45 133 0
-45 188 0
-45 192 0
-45 216 0
-45 223 0
-45 226 0
-45 231 0
-45 251 0
-45 253 0
-45 302 0
-45 307 0
-45 316 0
-45 321 0
-45 396 0
-45 399 0
-45 410 0
-45 414 0
-45 435 0
-45 441 0
-45 459 0
-45 464 0
-45 490 0
-45 494 0
-45 497 0
-45 502 0
-45 518 0
-45 522 0
-45 563 0
-45 565 0
-45 569 0
-45 573 0
-45 584 0
-45 587 0
-45 592 0
-45 595 0
-45 597 0
-45 602 0
-45 605 0
-45 610 0
-45 611 0
-45 618 0
-45 621 0
-45 625 0
-45 629 0
-45 633 0
-45 644 0
-45 649 0
-45 658 0
-45 664 0
-45 688 0
-45 696 0
-45 698 0
-45 703 0
-45 736 0
-45 742 0
-45 753 0
-45 756 0
-45 784 0
-45 787 0
-44 51 0
-44 57 0
-44 58 0
-44 64 0
-44 68 0
-44 71 0
-44 75 0
-44 79 0
-44 90 0
-44 94 0
-44 121 0
-44 124 0
-44 129 0
-44 132 0
-44 163 0
-44 171 0
-44 173 0
-44 179 0
-44 225 0
-44 231 0
-44 232 0
-44 239 0
-44 250 0
-44 253 0
-44 265 0
-44 268 0
-44 365 0
-44 371 0
-44 380 0
-44 384 0
-44 404 0
-44 406 0
-44 445 0
-44 448 0
-44 489 0
-44 494 0
-44 505 0
-44 508 0
-44 511 0
-44 516 0
-44 517 0
-44 522 0
-44 532 0
-44 534 0
-44 546 0
-44 550 0
-44 553 0
-44 558 0
-44 583 0
-44 587 0
-44 604 0
-44 610 0
-44 628 0
-44 633 0
-44 636 0
-44 642 0
-44 643 0
-44 649 0
-44 666 0
-44 671 0
-44 674 0
-44 678 0
-44 680 0
-44 687 0
-44 715 0
-44 719 0
-44 722 0
-44 728 0
-44 730 0
-44 735 0
-44 783 0
-44 787 0
-44 790 0
-44 794 0
-43 241 0
-43 247 0
-43 351 0
-43 357 0
-43 424 0
-43 427 0
-43 488 0
-43 494 0
-43 562 0
-43 565 0
-43 692 0
-43 695 0
-43 782 0
-43 787 0
-42 89 0
-42 94 0
-42 105 0
-42 109 0
-42 120 0
-42 124 0
-42 128 0
-42 132 0
-42 137 0
-42 140 0
-42 149 0
-42 155 0
-42 172 0
-42 179 0
-42 187 0
-42 192 0
-42 193 0
-42 199 0
-42 202 0
-42 206 0
-42 211 0
-42 214 0
-42 219 0
-42 222 0
-42 224 0
-42 231 0
-42 240 0
-42 247 0
-42 258 0
-42 260 0
-42 264 0
-42 268 0
-42 279 0
-42 284 0
-42 288 0
-42 291 0
-42 295 0
-42 299 0
-42 315 0
-42 321 0
-42 323 0
-42 327 0
-42 331 0
-42 333 0
-42 335 0
-42 341 0
-42 350 0
-42 357 0
-42 379 0
-42 384 0
-42 387 0
-42 391 0
-42 395 0
-42 399 0
-42 409 0
-42 414 0
-42 416 0
-42 422 0
-42 423 0
-42 427 0
-42 430 0
-42 434 0
-42 438 0
-42 440 0
-42 444 0
-42 448 0
-42 451 0
-42 456 0
-42 458 0
-42 464 0
-42 465 0
-42 472 0
-42 473 0
-42 480 0
-42 496 0
-42 502 0
-42 504 0
-42 508 0
-42 531 0
-42 534 0
-42 538 0
-42 542 0
-42 545 0
-42 550 0
-42 591 0
-42 595 0
-42 599 0
-42 601 0
-42 614 0
-42 617 0
-42 627 0
-42 633 0
-42 635 0
-42 642 0
-42 646 0
-42 648 0
-42 657 0
-42 664 0
-42 683 0
-42 686 0
-42 691 0
-42 695 0
-42 714 0
-42 719 0
-42 721 0
-42 728 0
-42 743 0
-42 749 0
-42 760 0
-42 764 0
-42 774 0
-42 780 0
-42 789 0
-42 794 0
-41 54 0
-41 56 0
-41 88 0
-41 94 0
-41 158 0
-41 162 0
-41 167 0
-41 170 0
-41 180 0
-41 185 0
-41 278 0
-41 284 0
-41 537 0
-41 542 0
-41 561 0
-41 565 0
-41 577 0
-41 579 0
-41 620 0
-41 625 0
-41 660 0
-41 663 0
-41 682 0
-41 686 0
-41 769 0
-41 772 0
-40 74 0
-40 79 0
-40 104 0
-40 109 0
-40 294 0
-40 299 0
-40 429 0
-40 434 0
-40 476 0
-40 479 0
-40 491 0
-40 493 0
-40 523 0
-40 528 0
-40 582 0
-40 587 0
-40 638 0
-40 641 0
-40 650 0
-40 656 0
-40 706 0
-40 710 0
-40 729 0
-40 735 0
-40 752 0
-40 756 0
-39 403 0
-39 406 0
-39 415 0
-39 422 0
-38 196 0
-38 198 0
-38 257 0
-38 260 0
-38 318 0
-38 320 0
-38 428 0
-38 434 0
-38 475 0
-38 479 0
-38 603 0
-38 610 0
-38 665 0
-38 671 0
-38 732 0
-38 734 0
-37 166 0
-37 170 0
-37 218 0
-37 222 0
-37 227 0
-37 230 0
-37 243 0
-37 246 0
-37 277 0
-37 284 0
-37 301 0
-37 307 0
-37 386 0
-37 391 0
-37 394 0
-37 399 0
-37 418 0
-37 421 0
-37 431 0
-37 433 0
-37 450 0
-37 456 0
-37 461 0
-37 463 0
-37 536 0
-37 542 0
-37 568 0
-37 573 0
-37 606 0
-37 609 0
-37 619 0
-37 625 0
-37 690 0
-37 695 0
-37 781 0
-37 787 0
-36 67 0
-36 71 0
-36 73 0
-36 79 0
-36 127 0
-36 132 0
-36 165 0
-36 170 0
-36 175 0
-36 178 0
-36 182 0
-36 184 0
-36 217 0
-36 222 0
-36 280 0
-36 283 0
-36 287 0
-36 291 0
-36 309 0
-36 314 0
-36 322 0
-36 327 0
-36 330 0
-36 333 0
-36 360 0
-36 364 0
-36 372 0
-36 377 0
-36 385 0
-36 391 0
-36 408 0
-36 414 0
-36 430 0
-36 433 0
-36 437 0
-36 440 0
-36 443 0
-36 448 0
-36 460 0
-36 463 0
-36 490 0
-36 493 0
-36 539 0
-36 541 0
-36 544 0
-36 550 0
-36 560 0
-36 565 0
-36 622 0
-36 624 0
-36 630 0
-36 632 0
-36 659 0
-36 663 0
-36 681 0
-36 686 0
-36 689 0
-36 695 0
-36 713 0
-36 719 0
-36 759 0
-36 764 0
-36 768 0
-36 772 0
-36 777 0
-36 779 0
-36 784 0
-36 786 0
-35 66 0
-35 71 0
-35 76 0
-35 78 0
-35 91 0
-35 93 0
-35 95 0
-35 102 0
-35 103 0
-35 109 0
-35 136 0
-35 140 0
-35 157 0
-35 162 0
-35 164 0
-35 170 0
-35 186 0
-35 192 0
-35 201 0
-35 206 0
-35 210 0
-35 214 0
-35 271 0
-35 276 0
-35 286 0
-35 291 0
-35 293 0
-35 299 0
-35 308 0
-35 314 0
-35 338 0
-35 340 0
-35 353 0
-35 356 0
-35 359 0
-35 364 0
-35 374 0
-35 376 0
-35 378 0
-35 384 0
-35 388 0
-35 390 0
-35 393 0
-35 399 0
-35 417 0
-35 421 0
-35 442 0
-35 448 0
-35 468 0
-35 471 0
-35 489 0
-35 493 0
-35 503 0
-35 508 0
-35 519 0
-35 521 0
-35 538 0
-35 541 0
-35 547 0
-35 549 0
-35 567 0
-35 573 0
-35 581 0
-35 587 0
-35 590 0
-35 595 0
-35 605 0
-35 609 0
-35 621 0
-35 624 0
-35 637 0
-35 641 0
-35 645 0
-35 648 0
-35 653 0
-35 655 0
-35 680 0
-35 686 0
-35 688 0
-35 695 0
-35 712 0
-35 719 0
-35 724 0
-35 727 0
-35 746 0
-35 748 0
-35 767 0
-35 772 0
-35 783 0
-35 786 0
-34 337 0
-34 340 0
-34 358 0
-34 364 0
-34 467 0
-34 471 0
-34 766 0
-34 772 0
-33 53 0
-33 56 0
-33 61 0
-33 63 0
-33 75 0
-33 78 0
-33 80 0
-33 87 0
-33 110 0
-33 116 0
-33 119 0
-33 124 0
-33 135 0
-33 140 0
-33 143 0
-33 148 0
-33 156 0
-33 162 0
-33 174 0
-33 178 0
-33 181 0
-33 184 0
-33 189 0
-33 191 0
-33 195 0
-33 198 0
-33 200 0
-33 206 0
-33 209 0
-33 214 0
-33 235 0
-33 238 0
-33 242 0
-33 246 0
-33 249 0
-33 253 0
-33 263 0
-33 268 0
-33 270 0
-33 276 0
-33 279 0
-33 283 0
-33 285 0
-33 291 0
-33 311 0
-33 313 0
-33 317 0
-33 320 0
-33 324 0
-33 326 0
-33 329 0
-33 333 0
-33 361 0
-33 363 0
-33 368 0
-33 370 0
-33 387 0
-33 390 0
-33 411 0
-33 413 0
-33 416 0
-33 421 0
-33 425 0
-33 426 0
-33 429 0
-33 433 0
-33 436 0
-33 440 0
-33 453 0
-33 455 0
-33 466 0
-33 471 0
-33 474 0
-33 479 0
-33 484 0
-33 486 0
-33 488 0
-33 493 0
-33 506 0
-33 507 0
-33 537 0
-33 541 0
-33 552 0
-33 558 0
-33 563 0
-33 564 0
-33 570 0
-33 572 0
-33 576 0
-33 579 0
-33 584 0
-33 586 0
-33 589 0
-33 595 0
-33 604 0
-33 609 0
-33 613 0
-33 617 0
-33 644 0
-33 648 0
-33 658 0
-33 663 0
-33 683 0
-33 685 0
-33 697 0
-33 703 0
-33 705 0
-33 710 0
-33 716 0
-33 718 0
-33 723 0
-33 727 0
-33 731 0
-33 734 0
-33 739 0
-33 741 0
-33 751 0
-33 756 0
-33 758 0
-33 764 0
-33 769 0
-33 771 0
-33 776 0
-33 779 0
-33 791 0
-33 793 0
-32 98 0
-32 101 0
-32 106 0
-32 108 0
-32 113 0
-32 115 0
-32 126 0
-32 132 0
-32 134 0
-32 140 0
-32 163 0
-32 170 0
-32 173 0
-32 178 0
-32 194 0
-32 198 0
-32 241 0
-32 246 0
-32 256 0
-32 260 0
-32 262 0
-32 268 0
-32 288 0
-32 290 0
-32 304 0
-32 306 0
-32 310 0
-32 313 0
-32 352 0
-32 356 0
-32 373 0
-32 376 0
-32 386 0
-32 390 0
-32 402 0
-32 406 0
-32 459 0
-32 463 0
-32 510 0
-32 516 0
-32 518 0
-32 521 0
-32 569 0
-32 572 0
-32 583 0
-32 586 0
-32 592 0
-32 594 0
-32 603 0
-32 609 0
-32 652 0
-32 655 0
-32 657 0
-32 663 0
-32 704 0
-32 710 0
-32 750 0
-32 756 0
-32 775 0
-32 779 0
-31 83 0
-31 86 0
-31 105 0
-31 108 0
-31 118 0
-31 124 0
-31 129 0
-31 131 0
-31 137 0
-31 139 0
-31 142 0
-31 148 0
-31 152 0
-31 154 0
-31 159 0
-31 161 0
-31 167 0
-31 169 0
-31 172 0
-31 178 0
-31 180 0
-31 184 0
-31 188 0
-31 191 0
-31 193 0
-31 198 0
-31 208 0
-31 214 0
-31 216 0
-31 222 0
-31 234 0
-31 238 0
-31 240 0
-31 246 0
-31 265 0
-31 267 0
-31 273 0
-31 275 0
-31 287 0
-31 290 0
-31 296 0
-31 298 0
-31 309 0
-31 313 0
-31 336 0
-31 340 0
-31 344 0
-31 348 0
-31 351 0
-31 356 0
-31 367 0
-31 370 0
-31 372 0
-31 376 0
-31 381 0
-31 383 0
-31 385 0
-31 390 0
-31 396 0
-31 398 0
-31 401 0
-31 406 0
-31 410 0
-31 413 0
-31 415 0
-31 421 0
-31 435 0
-31 440 0
-31 458 0
-31 463 0
-31 465 0
-31 471 0
-31 473 0
-31 479 0
-31 499 0
-31 501 0
-31 505 0
-31 507 0
-31 513 0
-31 515 0
-31 530 0
-31 534 0
-31 536 0
-31 541 0
-31 546 0
-31 549 0
-31 582 0
-31 586 0
-31 591 0
-31 594 0
-31 598 0
-31 601 0
-31 636 0
-31 641 0
-31 643 0
-31 648 0
-31 651 0
-31 655 0
-31 660 0
-31 662 0
-31 673 0
-31 678 0
-31 682 0
-31 685 0
-31 692 0
-31 694 0
-31 700 0
-31 702 0
-31 707 0
-31 709 0
-31 715 0
-31 718 0
-31 722 0
-31 727 0
-31 745 0
-31 748 0
-31 753 0
-31 755 0
-31 761 0
-31 763 0
-31 768 0
-31 771 0
-30 52 0
-30 56 0
-30 82 0
-30 86 0
-30 112 0
-30 115 0
-30 187 0
-30 191 0
-30 211 0
-30 213 0
-30 380 0
-30 383 0
-30 498 0
-30 501 0
-30 597 0
-30 601 0
-29 90 0
-29 93 0
-29 121 0
-29 123 0
-29 272 0
-29 275 0
-29 512 0
-29 515 0
-29 699 0
-29 702 0
-28 97 0
-28 101 0
-28 158 0
-28 161 0
-28 186 0
-28 191 0
-28 226 0
-28 230 0
-28 461 0
-28 462 0
-28 483 0
-28 486 0
-28 497 0
-28 501 0
-28 555 0
-28 557 0
-28 568 0
-28 572 0
-27 65 0
-27 71 0
-27 81 0
-27 86 0
-27 96 0
-27 101 0
-27 145 0
-27 147 0
-27 157 0
-27 161 0
-27 203 0
-27 205 0
-27 219 0
-27 221 0
-27 225 0
-27 230 0
-27 233 0
-27 238 0
-27 243 0
-27 245 0
-27 264 0
-27 267 0
-27 278 0
-27 283 0
-27 335 0
-27 340 0
-27 343 0
-27 348 0
-27 350 0
-27 356 0
-27 395 0
-27 398 0
-27 418 0
-27 420 0
-27 428 0
-27 433 0
-27 460 0
-27 462 0
-27 491 0
-27 492 0
-27 496 0
-27 501 0
-27 545 0
-27 549 0
-27 554 0
-27 557 0
-27 567 0
-27 572 0
-27 599 0
-27 600 0
-27 612 0
-27 617 0
-27 635 0
-27 641 0
-27 668 0
-27 670 0
-27 691 0
-27 694 0
-27 714 0
-27 718 0
-27 721 0
-27 727 0
-27 730 0
-27 734 0
-27 738 0
-27 741 0
-27 744 0
-27 748 0
-27 774 0
-27 779 0
-26 277 0
-26 283 0
-26 504 0
-26 507 0
-26 629 0
-26 632 0
-26 659 0
-26 662 0
-26 672 0
-26 678 0
-26 760 0
-26 763 0
-25 156 0
-25 161 0
-25 224 0
-25 230 0
-24 60 0
-24 63 0
-24 68 0
-24 70 0
-24 74 0
-24 78 0
-24 89 0
-24 93 0
-24 95 0
-24 101 0
-24 104 0
-24 108 0
-24 111 0
-24 115 0
-24 120 0
-24 123 0
-24 136 0
-24 139 0
-24 151 0
-24 154 0
-24 166 0
-24 169 0
-24 175 0
-24 177 0
-24 210 0
-24 213 0
-24 218 0
-24 221 0
-24 227 0
-24 229 0
-24 232 0
-24 238 0
-24 242 0
-24 245 0
-24 248 0
-24 253 0
-24 255 0
-24 260 0
-24 263 0
-24 267 0
-24 271 0
-24 275 0
-24 280 0
-24 282 0
-24 303 0
-24 306 0
-24 308 0
-24 313 0
-24 323 0
-24 326 0
-24 338 0
-24 339 0
-24 366 0
-24 370 0
-24 379 0
-24 383 0
-24 404 0
-24 405 0
-24 424 0
-24 426 0
-24 445 0
-24 447 0
-24 452 0
-24 455 0
-24 459 0
-24 462 0
-24 468 0
-24 470 0
-24 482 0
-24 486 0
-24 499 0
-24 500 0
-24 511 0
-24 515 0
-24 525 0
-24 527 0
-24 539 0
-24 540 0
-24 544 0
-24 549 0
-24 562 0
-24 564 0
-24 581 0
-24 586 0
-24 606 0
-24 608 0
-24 611 0
-24 617 0
-24 620 0
-24 624 0
-24 628 0
-24 632 0
-24 638 0
-24 640 0
-24 650 0
-24 655 0
-24 658 0
-24 662 0
-24 667 0
-24 670 0
-24 675 0
-24 677 0
-24 690 0
-24 694 0
-24 698 0
-24 702 0
-24 706 0
-24 709 0
-24 713 0
-24 718 0
-24 724 0
-24 726 0
-24 729 0
-24 734 0
-24 737 0
-24 741 0
-24 759 0
-24 763 0
-24 767 0
-24 771 0
-24 777 0
-24 778 0
-24 782 0
-24 786 0
-23 88 0
-23 93 0
-23 135 0
-23 139 0
-23 150 0
-23 154 0
-23 174 0
-23 177 0
-23 209 0
-23 213 0
-23 270 0
-23 275 0
-23 279 0
-23 282 0
-23 295 0
-23 298 0
-23 316 0
-23 320 0
-23 322 0
-23 326 0
-23 328 0
-23 333 0
-23 342 0
-23 348 0
-23 365 0
-23 370 0
-23 417 0
-23 420 0
-23 605 0
-23 608 0
-23 614 0
-23 616 0
-23 646 0
-23 647 0
-23 674 0
-23 677 0
-23 712 0
-23 718 0
-23 732 0
-23 733 0
-22 59 0
-22 63 0
-22 67 0
-22 70 0
-22 80 0
-22 86 0
-22 98 0
-22 100 0
-22 119 0
-22 123 0
-22 134 0
-22 139 0
-22 144 0
-22 147 0
-22 202 0
-22 205 0
-22 208 0
-22 213 0
-22 217 0
-22 221 0
-22 226 0
-22 229 0
-22 235 0
-22 237 0
-22 251 0
-22 252 0
-22 258 0
-22 259 0
-22 294 0
-22 298 0
-22 337 0
-22 339 0
-22 345 0
-22 347 0
-22 353 0
-22 355 0
-22 360 0
-22 363 0
-22 388 0
-22 389 0
-22 394 0
-22 398 0
-22 403 0
-22 405 0
-22 409 0
-22 413 0
-22 467 0
-22 470 0
-22 476 0
-22 478 0
-22 481 0
-22 486 0
-22 490 0
-22 492 0
-22 547 0
-22 548 0
-22 553 0
-22 557 0
-22 575 0
-22 579 0
-22 590 0
-22 594 0
-22 627 0
-22 632 0
-22 637 0
-22 640 0
-22 666 0
-22 670 0
-22 681 0
-22 685 0
-22 781 0
-22 786 0
-21 73 0
-21 78 0
-21 165 0
-21 169 0
-21 173 0
-21 177 0
-21 262 0
-21 267 0
-21 444 0
-21 447 0
-21 589 0
-21 594 0
-21 736 0
-21 741 0
-20 234 0
-20 237 0
-20 393 0
-20 398 0
-20 451 0
-20 455 0
-20 790 0
-20 793 0
-19 51 0
-19 56 0
-19 66 0
-19 70 0
-19 76 0
-19 77 0
-19 83 0
-19 85 0
-19 97 0
-19 100 0
-19 110 0
-19 115 0
-19 118 0
-19 123 0
-19 128 0
-19 131 0
-19 149 0
-19 154 0
-19 172 0
-19 177 0
-19 189 0
-19 190 0
-19 196 0
-19 197 0
-19 201 0
-19 205 0
-19 211 0
-19 212 0
-19 216 0
-19 221 0
-19 233 0
-19 237 0
-19 265 0
-19 266 0
-19 273 0
-19 274 0
-19 278 0
-19 282 0
-19 286 0
-19 290 0
-19 302 0
-19 306 0
-19 315 0
-19 320 0
-19 331 0
-19 332 0
-19 336 0
-19 339 0
-19 352 0
-19 355 0
-19 359 0
-19 363 0
-19 368 0
-19 369 0
-19 378 0
-19 383 0
-19 396 0
-19 397 0
-19 402 0
-19 405 0
-19 416 0
-19 420 0
-19 438 0
-19 439 0
-19 443 0
-19 447 0
-19 466 0
-19 470 0
-19 475 0
-19 478 0
-19 484 0
-19 485 0
-19 489 0
-19 492 0
-19 517 0
-19 521 0
-19 524 0
-19 527 0
-19 529 0
-19 534 0
-19 546 0
-19 548 0
-19 570 0
-19 571 0
-19 584 0
-19 585 0
-19 604 0
-19 608 0
-19 613 0
-19 616 0
-19 619 0
-19 624 0
-19 630 0
-19 631 0
-19 645 0
-19 647 0
-19 665 0
-19 670 0
-19 673 0
-19 677 0
-19 680 0
-19 685 0
-19 689 0
-19 694 0
-19 697 0
-19 702 0
-19 716 0
-19 717 0
-19 723 0
-19 726 0
-19 731 0
-19 733 0
-19 743 0
-19 748 0
-19 752 0
-19 755 0
-19 758 0
-19 763 0
-19 766 0
-19 771 0
-19 776 0
-19 778 0
-19 784 0
-19 785 0
-19 789 0
-19 793 0
-18 137 0
-18 138 0
-18 195 0
-18 197 0
-17 58 0
-17 63 0
-17 82 0
-17 85 0
-17 103 0
-17 108 0
-17 143 0
-17 147 0
-17 159 0
-17 160 0
-17 175 0
-17 176 0
-17 200 0
-17 205 0
-17 219 0
-17 220 0
-17 232 0
-17 237 0
-17 241 0
-17 245 0
-17 264 0
-17 266 0
-17 293 0
-17 298 0
-17 318 0
-17 319 0
-17 324 0
-17 325 0
-17 335 0
-17 339 0
-17 344 0
-17 347 0
-17 351 0
-17 355 0
-17 367 0
-17 369 0
-17 395 0
-17 397 0
-17 408 0
-17 413 0
-17 450 0
-17 455 0
-17 465 0
-17 470 0
-17 523 0
-17 527 0
-17 577 0
-17 578 0
-17 592 0
-17 593 0
-17 622 0
-17 623 0
-17 629 0
-17 631 0
-17 668 0
-17 669 0
-17 672 0
-17 677 0
-17 683 0
-17 684 0
-17 688 0
-17 694 0
-17 722 0
-17 726 0
-17 730 0
-17 733 0
-17 746 0
-17 747 0
-17 751 0
-17 755 0
-17 769 0
-17 770 0
-17 791 0
-17 792 0
-16 54 0
-16 55 0
-16 61 0
-16 62 0
-16 65 0
-16 70 0
-16 81 0
-16 85 0
-16 91 0
-16 92 0
-16 96 0
-16 100 0
-16 106 0
-16 107 0
-16 113 0
-16 114 0
-16 121 0
-16 122 0
-16 127 0
-16 131 0
-16 136 0
-16 138 0
-16 142 0
-16 147 0
-16 152 0
-16 153 0
-16 158 0
-16 160 0
-16 164 0
-16 169 0
-16 174 0
-16 176 0
-16 182 0
-16 183 0
-16 188 0
-16 190 0
-16 203 0
-16 204 0
-16 210 0
-16 212 0
-16 218 0
-16 220 0
-16 225 0
-16 229 0
-16 257 0
-16 259 0
-16 272 0
-16 274 0
-16 277 0
-16 282 0
-16 285 0
-16 290 0
-16 296 0
-16 297 0
-16 301 0
-16 306 0
-16 311 0
-16 312 0
-16 317 0
-16 319 0
-16 330 0
-16 332 0
-16 350 0
-16 355 0
-16 358 0
-16 363 0
-16 374 0
-16 375 0
-16 381 0
-16 382 0
-16 387 0
-16 389 0
-16 411 0
-16 412 0
-16 415 0
-16 420 0
-16 431 0
-16 432 0
-16 442 0
-16 447 0
-16 468 0
-16 469 0
-16 474 0
-16 478 0
-16 483 0
-16 485 0
-16 498 0
-16 500 0
-16 510 0
-16 515 0
-16 545 0
-16 548 0
-16 552 0
-16 557 0
-16 583 0
-16 585 0
-16 591 0
-16 593 0
-16 603 0
-16 608 0
-16 612 0
-16 616 0
-16 628 0
-16 631 0
-16 636 0
-16 640 0
-16 644 0
-16 647 0
-16 675 0
-16 676 0
-16 682 0
-16 684 0
-16 692 0
-16 693 0
-16 700 0
-16 701 0
-16 705 0
-16 709 0
-16 715 0
-16 717 0
-16 729 0
-16 733 0
-16 739 0
-16 740 0
-16 745 0
-16 747 0
-16 750 0
-16 755 0
-16 768 0
-16 770 0
-16 783 0
-16 785 0
-15 126 0
-15 131 0
-15 544 0
-15 548 0
-15 611 0
-15 616 0
-15 653 0
-15 654 0
-14 129 0
-14 130 0
-14 366 0
-14 369 0
-14 418 0
-14 419 0
-14 775 0
-14 778 0
-13 60 0
-13 62 0
-13 458 0
-13 462 0
-13 525 0
-13 526 0
-13 538 0
-13 540 0
-13 569 0
-13 571 0
-12 68 0
-12 69 0
-12 304 0
-12 305 0
-12 437 0
-12 439 0
-12 621 0
-12 623 0
-12 643 0
-12 647 0
-11 67 0
-11 69 0
-11 80 0
-11 85 0
-11 145 0
-11 146 0
-11 163 0
-11 169 0
-11 202 0
-11 204 0
-11 224 0
-11 229 0
-11 235 0
-11 236 0
-11 240 0
-11 245 0
-11 256 0
-11 259 0
-11 288 0
-11 289 0
-11 303 0
-11 305 0
-11 343 0
-11 347 0
-11 361 0
-11 362 0
-11 453 0
-11 454 0
-11 467 0
-11 469 0
-11 473 0
-11 478 0
-11 568 0
-11 571 0
-11 657 0
-11 662 0
-11 667 0
-11 669 0
-11 691 0
-11 693 0
-11 761 0
-11 762 0
-10 151 0
-10 153 0
-10 167 0
-10 168 0
-10 194 0
-10 197 0
-10 201 0
-10 204 0
-10 250 0
-10 252 0
-10 255 0
-10 259 0
-10 271 0
-10 274 0
-10 280 0
-10 281 0
-10 295 0
-10 297 0
-10 316 0
-10 319 0
-10 353 0
-10 354 0
-10 360 0
-10 362 0
-10 436 0
-10 439 0
-10 452 0
-10 454 0
-10 555 0
-10 556 0
-10 635 0
-10 640 0
-10 660 0
-10 661 0
-10 704 0
-10 709 0
-10 721 0
-10 726 0
-9 95 0
-9 100 0
-9 181 0
-9 183 0
-9 200 0
-9 204 0
-9 294 0
-9 297 0
-9 373 0
-9 375 0
-9 386 0
-9 389 0
-9 410 0
-9 412 0
-9 744 0
-9 747 0
-8 707 0
-8 708 0
-7 53 0
-7 55 0
-7 66 0
-7 69 0
-7 105 0
-7 107 0
-7 112 0
-7 114 0
-7 120 0
-7 122 0
-7 173 0
-7 176 0
-7 209 0
-7 212 0
-7 227 0
-7 228 0
-7 234 0
-7 236 0
-7 270 0
-7 274 0
-7 287 0
-7 289 0
-7 315 0
-7 319 0
-7 342 0
-7 347 0
-7 365 0
-7 369 0
-7 372 0
-7 375 0
-7 385 0
-7 389 0
-7 445 0
-7 446 0
-7 476 0
-7 477 0
-7 513 0
-7 514 0
-7 532 0
-7 533 0
-7 576 0
-7 578 0
-7 606 0
-7 607 0
-7 614 0
-7 615 0
-7 620 0
-7 623 0
-7 652 0
-7 654 0
-7 674 0
-7 676 0
-7 681 0
-7 684 0
-7 690 0
-7 693 0
-7 760 0
-7 762 0
-6 249 0
-6 252 0
-6 310 0
-6 312 0
-6 329 0
-6 332 0
-6 519 0
-6 520 0
-6 638 0
-6 639 0
-5 52 0
-5 55 0
-5 75 0
-5 77 0
-5 83 0
-5 84 0
-5 90 0
-5 92 0
-5 98 0
-5 99 0
-5 104 0
-5 107 0
-5 119 0
-5 122 0
-5 135 0
-5 138 0
-5 144 0
-5 146 0
-5 150 0
-5 153 0
-5 157 0
-5 160 0
-5 166 0
-5 168 0
-5 187 0
-5 190 0
-5 217 0
-5 220 0
-5 226 0
-5 228 0
-5 243 0
-5 244 0
-5 248 0
-5 252 0
-5 263 0
-5 266 0
-5 279 0
-5 281 0
-5 345 0
-5 346 0
-5 352 0
-5 354 0
-5 359 0
-5 362 0
-5 409 0
-5 412 0
-5 417 0
-5 419 0
-5 430 0
-5 432 0
-5 444 0
-5 446 0
-5 451 0
-5 454 0
-5 466 0
-5 469 0
-5 475 0
-5 477 0
-5 482 0
-5 485 0
-5 488 0
-5 492 0
-5 497 0
-5 500 0
-5 512 0
-5 514 0
-5 524 0
-5 526 0
-5 531 0
-5 533 0
-5 537 0
-5 540 0
-5 554 0
-5 556 0
-5 561 0
-5 564 0
-5 567 0
-5 571 0
-5 590 0
-5 593 0
-5 598 0
-5 600 0
-5 613 0
-5 615 0
-5 619 0
-5 623 0
-5 627 0
-5 631 0
-5 637 0
-5 639 0
-5 651 0
-5 654 0
-5 659 0
-5 661 0
-5 666 0
-5 669 0
-5 673 0
-5 676 0
-5 689 0
-5 693 0
-5 699 0
-5 701 0
-5 706 0
-5 708 0
-5 714 0
-5 717 0
-5 724 0
-5 725 0
-5 738 0
-5 740 0
-5 753 0
-5 754 0
-5 759 0
-5 762 0
-5 790 0
-5 792 0
-4 59 0
-4 62 0
-4 74 0
-4 77 0
-4 82 0
-4 84 0
-4 97 0
-4 99 0
-4 111 0
-4 114 0
-4 118 0
-4 122 0
-4 128 0
-4 130 0
-4 143 0
-4 146 0
-4 165 0
-4 168 0
-4 225 0
-4 228 0
-4 242 0
-4 244 0
-4 262 0
-4 266 0
-4 278 0
-4 281 0
-4 286 0
-4 289 0
-4 302 0
-4 305 0
-4 309 0
-4 312 0
-4 328 0
-4 332 0
-4 344 0
-4 346 0
-4 351 0
-4 354 0
-4 358 0
-4 362 0
-4 380 0
-4 382 0
-4 394 0
-4 397 0
-4 408 0
-4 412 0
-4 416 0
-4 419 0
-4 450 0
-4 454 0
-4 481 0
-4 485 0
-4 511 0
-4 514 0
-4 518 0
-4 520 0
-4 553 0
-4 556 0
-4 605 0
-4 607 0
-4 612 0
-4 615 0
-4 636 0
-4 639 0
-4 650 0
-4 654 0
-4 658 0
-4 661 0
-4 665 0
-4 669 0
-4 688 0
-4 693 0
-4 698 0
-4 701 0
-4 705 0
-4 708 0
-4 723 0
-4 725 0
-4 737 0
-4 740 0
-4 752 0
-4 754 0
-4 782 0
-4 785 0
-4 789 0
-4 792 0
-3 58 0
-3 62 0
-3 65 0
-3 69 0
-3 81 0
-3 84 0
-3 89 0
-3 92 0
-3 96 0
-3 99 0
-3 110 0
-3 114 0
-3 127 0
-3 130 0
-3 134 0
-3 138 0
-3 164 0
-3 168 0
-3 172 0
-3 176 0
-3 180 0
-3 183 0
-3 233 0
-3 236 0
-3 241 0
-3 244 0
-3 277 0
-3 281 0
-3 285 0
-3 289 0
-3 308 0
-3 312 0
-3 323 0
-3 325 0
-3 343 0
-3 346 0
-3 350 0
-3 354 0
-3 379 0
-3 382 0
-3 423 0
-3 426 0
-3 429 0
-3 432 0
-3 435 0
-3 439 0
-3 443 0
-3 446 0
-3 474 0
-3 477 0
-3 510 0
-3 514 0
-3 517 0
-3 520 0
-3 582 0
-3 585 0
-3 604 0
-3 607 0
-3 680 0
-3 684 0
-3 743 0
-3 747 0
-3 751 0
-3 754 0
-3 758 0
-3 762 0
-3 767 0
-3 770 0
-3 774 0
-3 778 0
-2 103 0
-2 107 0
-2 142 0
-2 146 0
-2 149 0
-2 153 0
-2 216 0
-2 220 0
-2 322 0
-2 325 0
-2 342 0
-2 346 0
-2 530 0
-2 533 0
-2 575 0
-2 578 0
-2 713 0
-2 717 0
-2 722 0
-2 725 0
-2 750 0
-2 754 0
-1 51 0
-1 55 0
-1 73 0
-1 77 0
-1 80 0
-1 84 0
-1 88 0
-1 92 0
-1 95 0
-1 99 0
-1 126 0
-1 130 0
-1 156 0
-1 160 0
-1 163 0
-1 168 0
-1 186 0
-1 190 0
-1 193 0
-1 197 0
-1 208 0
-1 212 0
-1 224 0
-1 228 0
-1 232 0
-1 236 0
-1 240 0
-1 244 0
-1 293 0
-1 297 0
-1 301 0
-1 305 0
-1 378 0
-1 382 0
-1 393 0
-1 397 0
-1 401 0
-1 405 0
-1 415 0
-1 419 0
-1 428 0
-1 432 0
-1 442 0
-1 446 0
-1 465 0
-1 469 0
-1 473 0
-1 477 0
-1 496 0
-1 500 0
-1 503 0
-1 507 0
-1 523 0
-1 526 0
-1 529 0
-1 533 0
-1 536 0
-1 540 0
-1 552 0
-1 556 0
-1 560 0
-1 564 0
-1 581 0
-1 585 0
-1 589 0
-1 593 0
-1 597 0
-1 600 0
-1 603 0
-1 607 0
-1 611 0
-1 615 0
-1 635 0
-1 639 0
-1 657 0
-1 661 0
-1 672 0
-1 676 0
-1 697 0
-1 701 0
-1 704 0
-1 708 0
-1 712 0
-1 717 0
-1 721 0
-1 725 0
-1 736 0
-1 740 0
-1 766 0
-1 770 0
-1 781 0
-1 785 0
1 2 4 5 10 17 19 24 27 31 33 35 42 44 50 0
1 2 5 7 19 31 42 44 47 49 50 0
1 2 5 16 19 23 24 27 31 33 35 36 42 44 47 49 50 0
1 3 4 5 9 16 19 22 24 27 28 32 35 45 49 0
1 3 4 5 10 11 16 21 24 31 32 35 36 37 41 44 47 49 0
1 3 4 5 11 16 17 19 22 27 30 31 33 45 50 0
1 3 4 5 11 17 24 27 31 32 33 37 42 43 47 49 0
1 3 4 7 16 19 23 24 32 33 35 37 38 44 45 47 0
1 3 4 14 15 16 19 31 32 36 42 44 45 0
1 3 4 16 19 24 30 31 35 42 44 49 0
1 3 5 7 11 16 19 22 31 33 38 40 42 49 0
1 3 5 7 16 19 21 24 35 36 42 44 49 50 0
1 3 5 16 23 24 29 35 41 42 44 49 0
1 3 5 16 27 33 36 37 38 40 42 0
1 3 7 11 17 19 20 22 24 27 31 33 44 47 50 0
1 3 16 17 19 24 31 33 34 35 36 41 49 50 0
1 3 16 19 24 31 32 33 35 40 44 45 47 48 49 0
1 4 5 6 10 16 22 24 27 31 35 40 42 44 49 0
1 4 5 7 11 16 22 24 25 27 28 37 42 44 45 47 0
1 4 5 7 15 16 19 23 24 27 33 42 45 49 50 0
1 4 5 8 10 16 24 31 32 33 40 47 48 49 0
1 4 5 10 11 24 26 31 32 33 36 41 42 45 47 50 0
1 4 5 10 16 22 27 28 33 44 46 47 50 0
1 4 5 14 16 19 23 27 31 33 35 37 39 42 47 49 0
1 4 5 16 19 24 29 31 33 45 49 0
1 4 5 16 21 24 27 33 45 47 0
1 4 5 19 21 24 33 35 36 40 44 0
1 4 11 12 16 19 24 32 37 45 47 0
1 4 16 19 22 24 35 36 37 43 44 45 49 50 0
1 4 17 19 20 22 27 31 35 37 42 45 49 0
1 5 7 16 17 19 23 24 26 31 44 47 49 0
1 5 7 16 19 30 33 41 44 50 0
1 5 11 16 17 19 22 24 31 33 34 35 42 0
1 5 13 17 19 24 40 47 50 0
1 5 13 24 31 33 35 36 37 41 42 47 49 0
1 5 16 17 21 22 31 32 33 35 42 45 49 50 0
1 5 16 17 25 27 28 31 33 35 41 47 0
1 5 16 19 28 30 31 33 35 42 45 49 0
1 5 16 24 27 28 30 31 42 45 49 50 0
1 5 24 33 36 41 43 45 49 50 0
1 5 27 30 31 42 45 0
1 7 16 19 22 23 24 30 31 33 35 42 47 49 0
1 9 10 16 17 22 23 31 35 40 42 47 49 50 0
1 10 18 19 31 32 33 38 42 49 0
1 19 22 24 31 32 39 44 47 49 50 0
1 26 31 33 35 42 44 47 49 50 0
2 3 4 5 7 11 17 22 23 27 31 47 49 0
2 3 4 5 16 17 19 31 32 33 40 45 47 0
2 3 17 23 24 33 36 42 50 0
2 4 5 11 16 17 22 27 31 33 47 50 0
2 5 7 16 17 24 31 32 35 40 42 50 0
2 5 10 16 19 23 24 31 42 47 49 0
2 5 16 17 19 22 24 27 31 36 37 42 45 0
2 7 17 22 33 41 47 49 0
3 4 5 7 16 24 29 31 32 44 49 50 0
3 4 5 10 16 17 19 22 27 31 32 35 42 43 49 0
3 4 5 10 16 19 23 24 26 27 33 36 37 41 42 47 0
3 4 6 16 24 31 32 33 35 36 47 49 0
3 4 6 19 32 35 44 45 47 0
3 4 7 11 16 19 31 32 33 35 36 42 46 47 50 0
3 4 7 16 19 24 30 32 33 45 47 49 50 0
3 4 13 16 17 22 24 33 44 47 49 50 0
3 5 7 11 19 24 26 31 33 36 42 47 49 0
3 5 16 18 22 23 24 31 32 33 35 42 47 48 49 0
3 7 11 12 16 19 22 24 27 35 36 44 47 49 50 0
3 7 16 17 19 21 23 24 31 32 33 36 42 44 47 49 0
3 7 16 17 19 22 31 33 35 36 41 42 44 46 49 50 0
3 9 16 17 19 27 31 35 42 50 0
3 9 16 31 33 36 41 50 0
3 10 12 19 31 33 36 42 45 47 50 0
3 14 19 24 27 32 33 36 42 46 47 50 0
3 24 33 42 43 50 0
4 5 7 11 16 17 19 24 27 31 35 36 37 42 43 45 47 49 50 0
4 5 7 15 24 31 32 35 40 47 49 50 0
4 5 7 16 19 22 24 29 31 33 42 44 49 50 0
4 5 9 16 17 22 31 33 36 42 45 0
4 5 10 11 16 19 22 33 34 35 36 50 0
4 5 10 11 17 20 24 33 37 42 47 49 50 0
4 5 11 17 19 22 24 27 38 44 47 0
4 5 16 19 22 24 28 33 46 49 0
4 5 17 19 20 33 42 44 50 0
4 5 17 19 21 24 27 31 32 33 42 44 50 0
4 6 16 19 23 33 36 42 47 49 50 0
5 6 10 22 24 33 44 45 47 49 0
5 7 12 17 19 24 35 36 37 41 45 47 50 0
5 11 13 19 27 28 32 33 35 37 45 47 49 0
5 16 17 19 22 24 26 36 42 44 45 47 49 0
5 19 22 27 33 35 36 40 43 44 45 47 49 50 0
7 9 16 22 31 32 33 35 36 37 42 47 49 50 0
7 9 16 31 32 35 36 47 49 0
7 10 16 17 19 23 33 38 42 45 50 0
7 10 16 19 23 24 29 31 33 35 49 50 0
7 14 17 19 23 24 31 33 44 46 0
9 10 11 16 17 19 22 27 33 35 42 49 50 0
10 11 16 22 24 32 38 42 47 49 50 0
12 16 19 23 31 33 35 42 44 45 47 49 0
13 24 27 28 31 32 36 37 42 45 47 49 0
15 16 19 22 24 27 31 35 36 42 44 47 49 50 0
16 17 19 23 24 27 33 38 40 44 47 49 0
17 19 22 24 27 31 34 35 42 47 49 0
51 52 53 54 0
55 56 57 0
58 59 60 61 0
62 63 64 0
65 66 67 68 0
69 70 71 72 0
73 74 75 76 0
77 78 79 0
80 81 82 83 0
84 85 86 87 0
88 89 90 91 0
92 93 94 0
95 96 97 98 0
99 100 101 102 0
103 104 105 106 0
107 108 109 0
110 111 112 113 0
114 115 116 117 0
118 119 120 121 0
122 123 124 125 0
126 127 128 129 0
130 131 132 133 0
134 135 136 137 0
138 139 140 141 0
142 143 144 145 0
146 147 148 0
149 150 151 152 0
153 154 155 0
156 157 158 159 0
160 161 162 0
163 164 165 166 167 0
168 169 170 171 0
172 173 174 175 0
176 177 178 179 0
180 181 182 0
183 184 185 0
186 187 188 189 0
190 191 192 0
193 194 195 196 0
197 198 199 0
200 201 202 203 0
204 205 206 207 0
208 209 210 211 0
212 213 214 215 0
216 217 218 219 0
220 221 222 223 0
224 225 226 227 0
228 229 230 231 0
232 233 234 235 0
236 237 238 239 0
240 241 242 243 0
244 245 246 247 0
248 249 250 251 0
252 253 254 0
255 256 257 258 0
259 260 261 0
262 263 264 265 0
266 267 268 269 0
270 271 272 273 0
274 275 276 0
277 278 279 280 0
281 282 283 284 0
285 286 287 288 0
289 290 291 292 0
293 294 295 296 0
297 298 299 300 0
301 302 303 304 0
305 306 307 0
308 309 310 311 0
312 313 314 0
315 316 317 318 0
319 320 321 0
322 323 324 0
325 326 327 0
328 329 330 331 0
332 333 334 0
335 336 337 338 0
339 340 341 0
342 343 344 345 0
346 347 348 349 0
350 351 352 353 0
354 355 356 357 0
358 359 360 361 0
362 363 364 0
365 366 367 368 0
369 370 371 0
372 373 374 0
375 376 377 0
378 379 380 381 0
382 383 384 0
385 386 387 388 0
389 390 391 392 0
393 394 395 396 0
397 398 399 400 0
401 402 403 404 0
405 406 407 0
408 409 410 411 0
412 413 414 0
415 416 417 418 0
419 420 421 422 0
423 424 425 0
426 427 0
428 429 430 431 0
432 433 434 0
435 436 437 438 0
439 440 441 0
442 443 444 445 0
446 447 448 449 0
450 451 452 453 0
454 455 456 457 0
458 459 460 461 0
462 463 464 0
465 466 467 468 0
469 470 471 472 0
473 474 475 476 0
477 478 479 480 0
481 482 483 484 0
485 486 487 0
488 489 490 491 0
492 493 494 495 0
496 497 498 499 0
500 501 502 0
503 504 505 506 0
507 508 509 0
510 511 512 513 0
514 515 516 0
517 518 519 0
520 521 522 0
523 524 525 0
526 527 528 0
529 530 531 532 0
533 534 535 0
536 537 538 539 0
540 541 542 543 0
544 545 546 547 0
548 549 550 551 0
552 553 554 555 0
556 557 558 559 0
560 561 562 563 0
564 565 566 0
567 568 569 570 0
571 572 573 574 0
575 576 577 0
578 579 580 0
581 582 583 584 0
585 586 587 588 0
589 590 591 592 0
593 594 595 596 0
597 598 599 0
600 601 602 0
603 604 605 606 0
607 608 609 610 0
611 612 613 614 0
615 616 617 618 0
619 620 621 622 0
623 624 625 626 0
627 628 629 630 0
631 632 633 634 0
635 636 637 638 0
639 640 641 642 0
643 644 645 646 0
647 648 649 0
650 651 652 653 0
654 655 656 0
657 658 659 660 0
661 662 663 664 0
665 666 667 668 0
669 670 671 0
672 673 674 675 0
676 677 678 679 0
680 681 682 683 0
684 685 686 687 0
688 689 690 691 692 0
693 694 695 696 0
697 698 699 700 0
701 702 703 0
704 705 706 707 0
708 709 710 711 0
712 713 714 715 716 0
717 718 719 720 0
721 722 723 724 0
725 726 727 728 0
729 730 731 732 0
733 734 735 0
736 737 738 739 0
740 741 742 0
743 744 745 746 0
747 748 749 0
750 751 752 753 0
754 755 756 757 0
758 759 760 761 0
762 763 764 765 0
766 767 768 769 0
770 771 772 773 0
774 775 776 777 0
778 779 780 0
781 782 783 784 0
785 786 787 788 0
789 790 791 0
792 793 794 0
